1 0.12394791666666667 0.3310648148148148 0.03960416666666666 0.17879629629629631
1 0.055859375 0.47304166666666664 0.10963541666666667 0.5391018518518519
1 0.16747916666666668 0.32828703703703704 0.04010416666666667 0.18064814814814817
1 0.18229166666666666 0.3263888888888889 0.03333333333333333 0.15462962962962962
1 0.22764322916666668 0.38706018518518515 0.0959635416666667 0.3908796296296297
1 0.26722916666666663 0.4153657407407408 0.0887708333333333 0.38982407407407405
1 0.301546875 0.3421851851851852 0.026041666666666668 0.13425925925925927
2 0.3450208333333334 0.5043287037037036 0.08693749999999997 0.28023148148148147
1 0.34151562500000004 0.531462962962963 0.062395833333333366 0.165462962962963
1 0.3713463541666666 0.39805555555555555 0.07480729166666666 0.38499999999999995
1 0.42553124999999997 0.37777777777777777 0.046875 0.2796296296296296
1 0.4634765625 0.41526851851851854 0.06658854166666663 0.38631481481481483