1 0.5801718749999999 0.4454490740740741 0.032364583333333384 0.1824351851851852
1 0.178125 0.5809074074074074 0.08208333333333334 0.4010740740740741
1 0.3325260416666667 0.45032407407407404 0.026302083333333334 0.13509259259259257
1 0.353484375 0.4458611111111111 0.01573958333333329 0.1436481481481482
1 0.373078125 0.45189814814814816 0.027177083333333307 0.1669444444444445
2 0.3980416666666667 0.48714814814814816 0.05849999999999997 0.1388888888888889
1 0.38912239583333336 0.44060185185185186 0.027171875000000036 0.15787037037037038
1 0.412109375 0.44981481481481483 0.020781250000000046 0.17666666666666672
1 0.4391875 0.4572175925925926 0.03902083333333337 0.19686111111111113
1 0.47499739583333334 0.4640648148148148 0.01854687499999995 0.12761111111111115
1 0.49409375000000005 0.4138935185185185 0.020145833333333307 0.10721296296296293
1 0.5049843749999999 0.4505 0.02976041666666666 0.19729629629629633
1 0.5337317708333332 0.44603703703703707 0.03566145833333335 0.18459259259259256