1 0.18367708333333332 0.30936111111111114 0.022437499999999992 0.08016666666666665
1 0.1976953125 0.3180092592592593 0.019921875 0.07435185185185186
1 0.21304947916666667 0.30226388888888894 0.016713541666666682 0.08639814814814815
1 0.3003046875 0.29018055555555555 0.01314062500000001 0.062231481481481464
1 0.3233541666666666 0.2892314814814815 0.01672916666666667 0.06487037037037037
0 0.35573958333333333 0.33620833333333333 0.03549999999999998 0.10499074074074073
0 0.38940625000000006 0.32425 0.03025000000000002 0.0824259259259259
1 0.445046875 0.28847222222222224 0.01594791666666667 0.08250000000000002
1 0.46470833333333333 0.3391064814814815 0.01693749999999999 0.11252777777777775
1 0.464984375 0.278087962962963 0.016072916666666673 0.07734259259259262
1 0.48374999999999996 0.3225925925925926 0.030000000000000013 0.14703703703703705
1 0.5496171874999999 0.38519907407407405 0.06639062500000001 0.3051574074074073