1 0.5770078125 0.4678888888888889 0.06983854166666674 0.37162962962962964
1 0.6789088541666667 0.47464814814814815 0.07520312500000005 0.2503333333333333
3 0.6829921875 0.49787962962962967 0.08042187499999992 0.1684259259259259
1 0.693703125 0.41776388888888893 0.050822916666666745 0.2741018518518519
1 0.7966640624999999 0.31612500000000004 0.016671874999999996 0.055898148148148155
1 0.8379088541666666 0.3505046296296296 0.04217187500000001 0.16843518518518522
1 0.8597812499999999 0.3440694444444445 0.036166666666666694 0.16649074074074074
3 0.28336197916666667 0.5913981481481482 0.11402604166666667 0.21640740740740744
1 0.27279947916666664 0.5436527777777778 0.08653645833333336 0.3008425925925926
1 0.316078125 0.48154629629629636 0.06461458333333331 0.32412962962962966
1 0.3841588541666667 0.5478796296296297 0.12519270833333335 0.3529444444444444
3 0.39793489583333336 0.6124537037037038 0.14706770833333332 0.31727777777777777
1 0.462828125 0.49678240740740737 0.0841979166666667 0.28958333333333336
1 0.5000755208333333 0.45890277777777777 0.06870312499999992 0.31830555555555556
3 0.5543697916666667 0.6124537037037038 0.11071875000000002 0.24677777777777776
1 0.5469791666666667 0.5490277777777778 0.09541666666666664 0.37027777777777776