1 0.57828125 0.6387916666666666 0.11177083333333329 0.2900092592592593
3 0.5789401041666667 0.7400925925925925 0.09607812499999996 0.2051851851851852
1 0.8161380208333334 0.40987037037037033 0.0194947916666667 0.07618518518518522
1 0.8596796875 0.41077777777777774 0.01459895833333332 0.07288888888888892
1 0.21798437499999998 0.4166157407407407 0.02840625000000001 0.15991666666666665
1 0.24825260416666667 0.4221851851851852 0.025161458333333334 0.1550740740740741
1 0.28150260416666667 0.4231388888888889 0.03001562499999997 0.15149999999999994
1 0.30375 0.4183703703703704 0.02624999999999999 0.13659259259259263
1 0.32920833333333327 0.4185740740740741 0.026270833333333302 0.14062962962962963
1 0.3682838541666667 0.3945972222222222 0.009994791666666695 0.04784259259259261
1 0.3846380208333333 0.3923657407407407 0.010203124999999957 0.056009259259259266
1 0.39702864583333336 0.39256481481481487 0.010213541666666675 0.05635185185185181
1 0.5145625 0.5432824074074074 0.06129166666666664 0.2058425925925926
3 0.5193854166666667 0.6007916666666667 0.06414583333333332 0.15489814814814812