1 0.7304479166666666 0.5051851851851852 0.0191041666666667 0.09000000000000004
1 0.8098463541666666 0.5082685185185186 0.022078124999999935 0.06605555555555559
1 0.33433333333333337 0.5093101851851851 0.038833333333333366 0.22823148148148142
1 0.40895052083333333 0.6072175925925926 0.09761979166666664 0.21389814814814814
3 0.39674479166666665 0.6816296296296297 0.071875 0.15912962962962965
3 0.4593072916666667 0.6636388888888889 0.0669375 0.13661111111111107
1 0.4571354166666667 0.5826527777777778 0.06010416666666665 0.19210185185185188
1 0.4449270833333333 0.45895370370370364 0.009937499999999962 0.044685185185185126
1 0.4549583333333333 0.46014351851851854 0.009937499999999962 0.04469444444444448
1 0.49098437500000003 0.47602777777777777 0.01646875 0.06850000000000002
1 0.49759114583333336 0.476462962962963 0.012942708333333285 0.06318518518518525
1 0.5142526041666666 0.4774305555555556 0.010973958333333301 0.06365740740740741