1 0.5281145833333334 0.45618055555555553 0.012104166666666612 0.06643518518518514
1 0.5679427083333333 0.4561574074074074 0.016822916666666642 0.08083333333333328
1 0.6207109375 0.47455555555555556 0.04618229166666658 0.20329629629629625
2 0.6207369791666667 0.5081666666666667 0.04273437499999998 0.12485185185185188
1 0.6630026041666667 0.426875 0.024619791666666658 0.1253240740740741
1 0.6845546875 0.4528240740740741 0.01317187499999998 0.06379629629629628
1 0.6956770833333333 0.4511111111111111 0.012281249999999962 0.06825925925925923
1 0.7171875 0.45139814814814816 0.02010416666666662 0.07812962962962967
1 0.7389583333333333 0.43330092592592595 0.025833333333333285 0.1308055555555556
1 0.7768776041666666 0.44770370370370366 0.0293697916666666 0.10866666666666673
1 0.10286458333333333 0.39537037037037037 0.019270833333333334 0.07592592592592592
1 0.3874114583333333 0.4615601851851852 0.04226041666666666 0.20299074074074075
1 0.4988619791666667 0.4349722222222222 0.028109374999999954 0.12912962962962962
1 0.5196458333333334 0.4606388888888889 0.018416666666666675 0.0676111111111111