1 0.03565104166666667 0.5573148148148148 0.07130208333333334 0.6277777777777778
1 0.5266744791666667 0.30816666666666664 0.011442708333333348 0.05959259259259261
1 0.5852031249999999 0.4317777777777778 0.06615624999999999 0.3005185185185185
1 0.6074739583333333 0.4305555555555556 0.04619791666666669 0.26296296296296295
1 0.6669531249999999 0.34511111111111115 0.014114583333333286 0.06292592592592591
0 0.8048151041666666 0.7233564814814815 0.14911979166666675 0.4642129629629631
1 0.21016145833333333 0.38610185185185186 0.05571875000000001 0.2944629629629629
2 0.3438411458333333 0.4836898148148148 0.08023437500000004 0.2305833333333333
1 0.3395286458333333 0.490449074074074 0.04661979166666666 0.11730555555555555
1 0.3690104166666667 0.4096018518518519 0.06302083333333333 0.3061666666666667
2 0.4366510416666667 0.37806944444444446 0.027645833333333297 0.10315740740740738
1 0.4356666666666667 0.3419768518518519 0.02449999999999998 0.1551203703703704
1 0.4490598958333333 0.38911574074074073 0.04865104166666665 0.23065740740740737
1 0.47017708333333336 0.3607685185185185 0.03944791666666667 0.2237777777777778
1 0.49747135416666666 0.4248425925925926 0.05776562499999998 0.25846296296296295
1 0.5129427083333333 0.2967083333333334 0.005052083333333357 0.03745370370370369
1 0.5409270833333333 0.4168703703703704 0.045125000000000054 0.27181481481481484