1 0.7978385416666666 0.23110648148148144 0.05234375 0.1690833333333333
1 0.976453125 0.20720833333333333 0.02407291666666668 0.08410185185185183
1 0.11137760416666667 0.08084259259259259 0.01203645833333334 0.055351851851851853
1 0.13067708333333333 0.0810138888888889 0.011770833333333331 0.05778703703703704
2 0.257703125 0.3812685185185185 0.17534375000000002 0.3060185185185185
1 0.2756380208333333 0.09280092592592593 0.012578124999999989 0.05143518518518518
1 0.3745026041666667 0.10427777777777779 0.007869791666666674 0.039592592592592596
1 0.3997604166666667 0.10659722222222222 0.009833333333333331 0.04291666666666667
1 0.4854817708333333 0.13690740740740742 0.016536458333333334 0.09674074074074072
1 0.49997395833333336 0.14296296296296296 0.020156249999999966 0.1124074074074074
1 0.5205651041666666 0.15311574074074075 0.018557291666666663 0.0965462962962963