1 0.5404713541666666 0.39628703703703705 0.022182291666666683 0.08705555555555554
1 0.5638958333333333 0.40603240740740737 0.015229166666666672 0.12237962962962964
1 0.573296875 0.3959537037037037 0.01661458333333338 0.0764814814814815
1 0.590078125 0.39842592592592596 0.01661458333333338 0.0764814814814815
1 0.62815625 0.4295185185185185 0.013895833333333366 0.060777777777777764
0 0.6862604166666666 0.49959259259259253 0.04435416666666671 0.12970370370370374
1 0.6881484375 0.45775462962962965 0.043494791666666664 0.16449074074074077
1 0.3292552083333333 0.5952592592592594 0.12846875000000002 0.6485555555555556
1 0.4351223958333333 0.4146157407407407 0.023817708333333285 0.14299074074074075
2 0.46184895833333334 0.443625 0.02567708333333331 0.09349074074074076
1 0.4634010416666667 0.4026898148148148 0.026843749999999982 0.13036111111111112
1 0.46191666666666664 0.43315740740740744 0.01658333333333329 0.03627777777777773
1 0.4845286458333334 0.38939814814814816 0.01427604166666665 0.08046296296296294