1 0.5455729166666666 0.5272685185185185 0.016145833333333335 0.07472222222222216
0 0.60484375 0.5682407407407408 0.021875 0.07333333333333326
0 0.648359375 0.6047222222222222 0.0405729166666666 0.11333333333333331
0 0.8443489583333333 0.6689351851851852 0.04776041666666669 0.18268518518518526
0 0.8914583333333332 0.6780555555555555 0.07364583333333326 0.18981481481481483
0 0.9400911458333333 0.6881944444444444 0.08231770833333331 0.18564814814814815
2 0.38813020833333334 0.7066574074074075 0.11861458333333334 0.2859444444444445
1 0.3497005208333333 0.5072083333333333 0.016744791666666654 0.040027777777777794
1 0.3928125 0.5025925925925926 0.012604166666666632 0.05888888888888891
1 0.4161979166666666 0.5338888888888889 0.02635416666666668 0.06870370370370374
1 0.5035677083333333 0.5183935185185186 0.01473958333333331 0.0687685185185185