1 0.5380338541666667 0.5240092592592593 0.014765625000000011 0.06901851851851859
1 0.5528958333333333 0.5217962962962963 0.013166666666666653 0.07418518518518519
1 0.5689270833333333 0.5184907407407408 0.015625 0.07801851851851851
2 0.5950546875 0.6685462962962962 0.05676562500000001 0.2219814814814815
1 0.580515625 0.5322546296296297 0.015625 0.08641666666666671
1 0.5989583333333334 0.5305555555555556 0.015625 0.07962962962962963
1 0.616234375 0.5326759259259259 0.013156249999999996 0.07853703703703709
1 0.63828125 0.5925925925925926 0.0484375 0.26851851851851855
1 0.705296875 0.5462777777777778 0.015625 0.07962962962962963
1 0.7385416666666667 0.6018518518518519 0.06875 0.29814814814814816
1 0.8054947916666666 0.6055092592592592 0.06307291666666662 0.30916666666666665
1 0.8515572916666667 0.6169444444444444 0.03730208333333328 0.15833333333333333
1 0.8665052083333333 0.5953657407407408 0.04615624999999994 0.16982407407407416
1 0.9638020833333333 0.6157407407407407 0.0515625 0.2222222222222222
1 0.28729166666666667 0.6769907407407407 0.0860416666666667 0.4456481481481481
1 0.3494791666666667 0.5934259259259259 0.05 0.2553703703703703
1 0.3718541666666667 0.576837962962963 0.04652083333333336 0.25021296296296297
1 0.46015625 0.512962962962963 0.019270833333333334 0.08333333333333333
1 0.48541666666666666 0.5902777777777778 0.059375 0.2564814814814815
1 0.5260416666666666 0.5837962962962963 0.0375 0.18055555555555555