1 0.5809895833333333 0.45601851851851855 0.0203125 0.10092592592592593
1 0.5893515624999999 0.42909722222222224 0.028598958333333376 0.0922685185185185
1 0.6239322916666666 0.5804675925925926 0.06348958333333338 0.33295370370370375
1 0.6124140625 0.4237592592592592 0.015171875000000057 0.09729629629629628
1 0.6427291666666667 0.42269444444444443 0.0203125 0.10092592592592593
1 0.6921093749999999 0.5691064814814815 0.0665104166666667 0.3175277777777778
1 0.773640625 0.6297916666666666 0.08532291666666664 0.5118981481481482
1 0.8531979166666667 0.5686296296296296 0.06016666666666666 0.30144444444444446
1 0.906046875 0.5513703703703704 0.05865625000000006 0.3148518518518519
1 0.9490130208333334 0.6742731481481481 0.10197395833333331 0.5523796296296296
2 0.21797395833333333 0.7366574074074074 0.17767708333333335 0.3934259259259259
1 0.34515625 0.5444907407407407 0.08197916666666666 0.46675925925925926
1 0.4933020833333333 0.6139120370370371 0.12881249999999997 0.4853240740740742
1 0.465609375 0.43796296296296294 0.0296875 0.15555555555555556
1 0.10193229166666667 0.6391944444444444 0.10634375 0.721611111111111
1 0.5454505208333333 0.5917870370370371 0.06711979166666666 0.37050000000000005