1 0.029270833333333336 0.45694444444444443 0.05854166666666667 0.25462962962962965
1 0.5416614583333333 0.32969444444444446 0.010739583333333276 0.05801851851851849
3 0.601578125 0.5697546296296296 0.08819791666666674 0.18030555555555558
1 0.5970755208333334 0.48531018518518515 0.07772395833333334 0.2610462962962963
1 0.5724114583333333 0.33370370370370367 0.01736458333333341 0.09333333333333334
1 0.5829348958333332 0.3279259259259259 0.010557291666666658 0.05083333333333336
1 0.5958932291666666 0.32675 0.010557291666666658 0.050833333333333314
1 0.6191927083333333 0.3442222222222222 0.030052083333333358 0.12599999999999997
1 0.10479947916666667 0.39932407407407405 0.037015624999999996 0.1676481481481481
1 0.173140625 0.45122222222222225 0.06302083333333333 0.22129629629629635
1 0.18456250000000002 0.3950138888888889 0.034375 0.1480648148148148
1 0.36073437499999994 0.588476851851852 0.15176041666666668 0.3897129629629629
3 0.3538723958333333 0.7115509259259258 0.13569270833333338 0.2730092592592593
1 0.07227604166666665 0.44020370370370365 0.07930208333333333 0.35274074074074074
1 0.41980729166666664 0.41861111111111116 0.07705208333333337 0.2927777777777778
1 0.43872916666666667 0.3463425925925926 0.02302083333333336 0.11774074074074072