1 0.13451302083333333 0.5459120370370371 0.12159895833333333 0.5809537037037037
1 0.7672135416666668 0.36404166666666665 0.02276041666666669 0.08339814814814814
1 0.7781067708333335 0.37052314814814813 0.03149479166666668 0.08932407407407404
1 0.7983020833333333 0.37036111111111114 0.02183333333333337 0.08335185185185183
1 0.8301822916666667 0.36436574074074074 0.016927083333333332 0.09423148148148146
1 0.8693541666666668 0.36966203703703704 0.01743750000000001 0.0893796296296296
1 0.8758854166666665 0.3748287037037037 0.018333333333333358 0.085712962962963
1 0.9170755208333332 0.3757175925925926 0.019807291666666654 0.09671296296296296
1 0.9529817708333332 0.378550925925926 0.028098958333333358 0.08363888888888887
2 0.3982630208333333 0.7524120370370371 0.13899479166666667 0.4672129629629631
1 0.3872057291666666 0.305949074074074 0.007359374999999998 0.05050925925925927