0 0.5436770833333334 0.43528703703703703 0.04462500000000003 0.08942592592592591
1 0.5778281249999999 0.4202777777777778 0.033718750000000006 0.12370370370370372
0 0.6104166666666667 0.42706481481481484 0.029895833333333382 0.08253703703703702
1 0.22244010416666665 0.6089537037037037 0.17741145833333333 0.34468518518518515
3 0.20021614583333333 0.7226111111111111 0.11790104166666666 0.24237037037037037
1 0.3140572916666667 0.552050925925926 0.09334375000000002 0.2944166666666667
3 0.32351302083333333 0.6472731481481482 0.09943229166666664 0.2526759259259259
0 0.45668229166666663 0.4365092592592592 0.025802083333333375 0.08216666666666662
1 0.4960364583333333 0.4173148148148148 0.01938541666666668 0.11981481481481479
1 0.5190260416666667 0.4168611111111111 0.018197916666666696 0.11646296296296299
1 0.5311979166666667 0.41555555555555557 0.025520833333333392 0.11629629629629631