1 0.04868489583333333 0.5401296296296296 0.09736979166666666 0.4370370370370371
1 0.5402395833333333 0.24371296296296294 0.013479166666666724 0.07998148148148145
1 0.10026041666666667 0.26064814814814813 0.0546875 0.2361111111111111
1 0.12989583333333332 0.331712962962963 0.08390625 0.26962962962962966
1 0.1924140625 0.28379166666666666 0.03465104166666665 0.23389814814814816
1 0.24766927083333332 0.3745277777777778 0.116015625 0.4787222222222222
1 0.04770833333333333 0.2546759259259259 0.04385416666666666 0.17953703703703705
1 0.3397057291666667 0.2714490740740741 0.03163020833333334 0.1906203703703704
1 0.07633854166666666 0.46264814814814814 0.08390625000000002 0.2696296296296296
2 0.42966145833333336 0.6878148148148149 0.15473958333333335 0.4614074074074074
1 0.38716145833333326 0.2883425925925926 0.04786458333333332 0.19294444444444447
1 0.41327343749999995 0.25518981481481484 0.02428645833333333 0.15536111111111112
1 0.47619791666666667 0.274537037037037 0.04093750000000001 0.21388888888888888
1 0.5118828125 0.29767592592592595 0.02474479166666672 0.1396296296296296
1 0.5173229166666666 0.2669351851851852 0.028062499999999997 0.15001851851851852