1 0.5380052083333333 0.43449074074074073 0.009895833333333333 0.056018518518518516
1 0.5599843750000001 0.4330833333333334 0.011281250000000043 0.06253703703703706
3 0.6109375 0.6721296296296296 0.10208333333333333 0.222037037037037
1 0.577578125 0.4432361111111111 0.011510416666666618 0.07463888888888891
1 0.593421875 0.4634629629629629 0.025 0.13425925925925922
1 0.6260286458333333 0.6063888888888889 0.07513020833333334 0.472037037037037
1 0.6930546875 0.4515833333333334 0.017848958333333324 0.07707407407407414
1 0.7049583333333334 0.44810648148148147 0.02529166666666664 0.09341666666666665
1 0.18125 0.6657407407407407 0.15416666666666667 0.6592592592592592
3 0.23084375000000001 0.8331574074074074 0.16523958333333336 0.26803703703703696
1 0.24005989583333331 0.7099907407407408 0.1333177083333333 0.4285370370370371
1 0.35855729166666667 0.4527685185185185 0.023958333333333335 0.11574074074074074
1 0.42081250000000003 0.6944444444444444 0.1390625 0.6111111111111112
1 0.36879947916666667 0.45 0.015046874999999993 0.08387037037037036
1 0.37887760416666666 0.44905092592592594 0.017765625000000007 0.08615740740740742
1 0.454359375 0.4461481481481481 0.013260416666666686 0.0897592592592592
1 0.46053645833333334 0.4623935185185185 0.021114583333333315 0.11280555555555549
1 0.496859375 0.4578611111111111 0.018229166666666668 0.11666666666666667
3 0.5137760416666667 0.4957870370370371 0.030093750000000044 0.0602962962962963
1 0.5104609375 0.4732083333333333 0.02126562500000002 0.10969444444444441