1 0.009270833333333334 0.24360185185185187 0.017604166666666667 0.06612962962962965
1 0.5526614583333334 0.2753055555555556 0.020718749999999987 0.11475925925925926
2 0.6080859375000001 0.33714351851851854 0.030286458333333263 0.10386111111111113
1 0.6083463541666667 0.3020972222222222 0.027682291666666595 0.18284259259259258
1 0.6260963541666666 0.2772824074074074 0.021348958333333338 0.1276574074074074
1 0.6764583333333333 0.2654722222222222 0.022708333333333285 0.12905555555555553
1 0.7282916666666667 0.32215740740740734 0.04716666666666664 0.242537037037037
0 0.7807135416666667 0.2725648148148148 0.0547604166666666 0.06264814814814812
1 0.7839687499999999 0.2932129629629629 0.029041666666666664 0.15505555555555553
0 0.8337630208333333 0.29886574074074074 0.024140624999999954 0.07263888888888888
1 0.8407760416666666 0.2797037037037037 0.023135416666666703 0.10762962962962962
1 0.8714947916666667 0.2770648148148148 0.03388541666666664 0.09290740740740738
1 0.18577083333333333 0.23885185185185184 0.017729166666666647 0.09025925925925925
1 0.3257447916666667 0.27531481481481485 0.023927083333333304 0.11974074074074073
1 0.36049479166666665 0.2589444444444445 0.01328125 0.10729629629629632
1 0.38643750000000004 0.2775277777777778 0.024833333333333308 0.1290185185185185
1 0.4400755208333333 0.3118796296296297 0.03849479166666665 0.22179629629629632
1 0.4863645833333333 0.33701851851851855 0.10237499999999997 0.4009629629629629
1 0.5303854166666666 0.3075925925925926 0.029437499999999932 0.1948148148148148