1 0.006380208333333333 0.2887175925925926 0.012760416666666666 0.14089814814814813
1 0.07944270833333333 0.2831111111111111 0.022916666666666665 0.12451851851851851
1 0.12630989583333332 0.2821712962962963 0.027067708333333333 0.1245462962962963
1 0.16409114583333334 0.28218055555555555 0.031296875000000016 0.1254537037037037
1 0.21354427083333333 0.3781574074074074 0.08207812500000002 0.4188703703703704
3 0.04500520833333333 0.2959629629629629 0.050156250000000006 0.10653703703703704
1 0.039302083333333335 0.28682870370370367 0.03129166666666667 0.10449074074074073
2 0.3531380208333334 0.4143981481481481 0.08705729166666666 0.21824074074074074
0 0.3408333333333333 0.27141203703703703 0.022947916666666637 0.05473148148148149
1 0.3384635416666667 0.2489074074074074 0.017854166666666654 0.0654074074074074
1 0.37314583333333334 0.36899537037037033 0.07256250000000003 0.36386111111111114
1 0.40856770833333333 0.2546527777777778 0.020364583333333346 0.08847222222222223
1 0.42923177083333336 0.2636759259259259 0.018098958333333335 0.10968518518518519
1 0.48178906250000003 0.3474861111111111 0.08329687499999998 0.3942870370370371
1 0.455078125 0.26460648148148147 0.018072916666666692 0.1124537037037037