1 0.03075 0.4063564814814815 0.0615 0.31228703703703703
1 0.11236979166666666 0.3542592592592593 0.06432291666666666 0.18259259259259258
1 0.14583333333333334 0.33712962962962967 0.034375 0.19462962962962962
1 0.18897135416666666 0.43727777777777777 0.06528645833333334 0.3956296296296296
3 0.28849479166666664 0.6925972222222222 0.16613541666666665 0.3603611111111112
1 0.29713541666666665 0.5819444444444445 0.15052083333333333 0.44351851851851853
1 0.045796875 0.4125601851851852 0.08284375000000001 0.24676851851851855
1 0.4453828125 0.3439212962962963 0.0171510416666667 0.10215740740740745
1 0.4531380208333334 0.33687962962962964 0.01700520833333332 0.08651851851851852
1 0.508625 0.3803333333333333 0.03802083333333333 0.176
3 0.5565078124999999 0.6992870370370371 0.11854687499999995 0.2858703703703704
1 0.5682916666666666 0.5797407407407408 0.13489583333333327 0.38429629629629625