1 0.03497395833333334 0.5781018518518518 0.06994791666666668 0.6993518518518518
1 0.5585208333333334 0.40162037037037035 0.024104166666666652 0.0860185185185185
1 0.10633333333333335 0.5023287037037037 0.09420833333333335 0.5520092592592594
1 0.6081666666666667 0.39273148148148146 0.018770833333333313 0.09287037037037038
1 0.66578125 0.39706018518518515 0.02322916666666662 0.08365740740740743
0 0.7433854166666667 0.4324074074074074 0.10281250000000004 0.08703703703703704
1 0.7365312500000001 0.39751851851851855 0.01224999999999999 0.06718518518518518
1 0.8356953125000001 0.4036898148148148 0.016526041666666675 0.08891666666666664
1 0.26353645833333333 0.4551064814814815 0.06615624999999999 0.3951574074074074
1 0.06859895833333332 0.5581388888888889 0.08540624999999999 0.5496481481481481
1 0.37251302083333326 0.41759259259259257 0.05789062499999999 0.27037037037037037
1 0.4872630208333334 0.48297222222222225 0.07276562499999996 0.36812962962962964