1 0.5336041666666667 0.2483287037037037 0.009750000000000073 0.05939814814814813
1 0.5456770833333333 0.24712499999999998 0.014343749999999982 0.06960185185185187
1 0.6038020833333334 0.24632870370370372 0.01942708333333331 0.09456481481481484
1 0.6250208333333334 0.24393518518518523 0.018229166666666668 0.0929814814814815
1 0.6404713541666667 0.2405138888888889 0.0258177083333333 0.15810185185185185
1 0.6499739583333334 0.23924074074074073 0.022593750000000058 0.1377037037037037
1 0.6704166666666667 0.23637037037037037 0.024031249999999935 0.13579629629629633
1 0.7075338541666667 0.22106944444444443 0.022953124999999967 0.13069444444444442
1 0.78284375 0.14106018518518518 0.027968750000000025 0.12495370370370369
1 0.32221354166666666 0.4943518518518518 0.2108854166666667 0.9887037037037036
1 0.5028880208333334 0.2505416666666667 0.017640625000000004 0.09334259259259259