1 0.006953125 0.3659537037037037 0.01390625 0.11994444444444446
1 0.7885546875 0.4965694444444444 0.09455729166666664 0.3756574074074074
1 0.9890755208333334 0.4050648148148148 0.021848958333333356 0.09566666666666666
1 0.02578125 0.37795833333333334 0.03145833333333334 0.10686111111111109
1 0.1435 0.36691666666666667 0.024145833333333325 0.1172777777777778
1 0.15653124999999998 0.35167592592592595 0.016520833333333318 0.09257407407407409
1 0.17578125 0.35364814814814816 0.011145833333333322 0.08992592592592594
1 0.19029427083333333 0.3531481481481481 0.01732812499999999 0.09703703703703705
1 0.26971875 0.6121805555555555 0.17191666666666666 0.5848981481481482
1 0.2094921875 0.35360185185185183 0.01882812500000002 0.09501851851851852
1 0.23327604166666666 0.38373611111111117 0.03948958333333333 0.19678703703703707
1 0.29419270833333333 0.38177777777777777 0.02776041666666664 0.1675555555555556
3 0.3802369791666667 0.7244027777777778 0.19806770833333337 0.2982314814814815
1 0.32248437500000005 0.3789351851851852 0.032114583333333314 0.17620370370370367
1 0.39997916666666666 0.6046111111111111 0.15660416666666663 0.32485185185185184
1 0.33984375 0.37931018518518517 0.030312500000000023 0.15989814814814815
1 0.35939843750000006 0.37562499999999993 0.02151562500000003 0.11523148148148148