1 0.5919583333333333 0.8112870370370371 0.14166666666666666 0.37742592592592594
1 0.6747265625 0.718837962962963 0.20888020833333332 0.562324074074074
1 0.9468151041666667 0.6235925925925926 0.10636979166666667 0.5889259259259259
1 0.15405468749999998 0.4573564814814815 0.03084895833333331 0.12491666666666663
1 0.1753828125 0.4541759259259259 0.026317708333333318 0.1249814814814815
1 0.20413020833333334 0.45351851851851854 0.029031250000000005 0.11074074074074076
1 0.2515677083333333 0.5932546296296296 0.09509374999999996 0.2696018518518518
3 0.25697135416666667 0.6480972222222222 0.10511979166666663 0.2312129629629629
1 0.23839062500000002 0.45349537037037035 0.023739583333333324 0.10430555555555558
3 0.42014322916666663 0.722300925925926 0.10408854166666667 0.19650925925925927
1 0.43626041666666665 0.6332777777777778 0.07331249999999999 0.45029629629629636
3 0.5588151041666667 0.8265740740740741 0.18861979166666665 0.34685185185185186
1 0.5413281249999999 0.6916666666666667 0.13953125 0.4081481481481481
1 0.5726328125 0.712412037037037 0.10983854166666672 0.5736944444444445