1 0.5311119791666666 0.24706944444444442 0.019473958333333385 0.1012685185185185
1 0.5534453125 0.2613194444444445 0.018265625000000084 0.08928703703703704
1 0.5560963541666666 0.24806944444444445 0.019473958333333385 0.10126851851851855
1 0.6755729166666666 0.2773611111111111 0.03697916666666667 0.18620370370370373
1 0.7083645833333333 0.2716759259259259 0.04087500000000001 0.1959074074074074
1 0.9457447916666666 0.4324907407407408 0.10851041666666662 0.5718703703703704
2 0.2616614583333333 0.6445833333333333 0.2193854166666667 0.5587962962962963
1 0.40390625 0.25101851851851853 0.017812500000000023 0.09314814814814812
1 0.42953125000000003 0.26399074074074075 0.02052083333333332 0.1386851851851852
1 0.4440104166666667 0.2771157407407407 0.018229166666666668 0.11280555555555553
1 0.4701536458333333 0.2581527777777778 0.022609374999999984 0.10147222222222226
1 0.4852604166666667 0.26360648148148147 0.016562500000000036 0.08834259259259257
1 0.509640625 0.26379166666666665 0.01863541666666665 0.06871296296296298
1 0.53515625 0.2708333333333333 0.03177083333333333 0.1353703703703704