1 0.0065625 0.3799814814814815 0.013125 0.060777777777777764
1 0.08833333333333333 0.3898611111111111 0.01416666666666666 0.05564814814814817
1 0.026505208333333332 0.3845046296296296 0.011677083333333334 0.04580555555555558
0 0.30778645833333335 0.5627777777777777 0.058385416666666676 0.19648148148148148
1 0.3349192708333334 0.4246203703703704 0.014640625000000008 0.05353703703703703
0 0.37377604166666667 0.4900925925925925 0.029843749999999978 0.08907407407407407
1 0.41270833333333334 0.4397222222222222 0.021458333333333357 0.08907407407407407
2 0.46393229166666666 0.7192175925925925 0.09223958333333329 0.33600925925925934
1 0.441796875 0.47736111111111107 0.03567708333333333 0.14750000000000008
1 0.46953125 0.47958333333333336 0.025416666666666643 0.13787037037037034
1 0.48880208333333336 0.451712962962963 0.021354166666666667 0.10712962962962967