1 0.6733046874999999 0.32406944444444447 0.04182812500000009 0.1920462962962963
1 0.7810390625 0.3212777777777778 0.026359375000000067 0.1657777777777778
0 0.9739583333333334 0.3428287037037037 0.052083333333333336 0.08860185185185185
1 0.2444817708333333 0.27281944444444445 0.00905729166666669 0.04213888888888888
1 0.25426822916666664 0.2618935185185185 0.013859375000000007 0.0630648148148148
1 0.2857161458333334 0.2609212962962963 0.014505208333333346 0.07463888888888891
1 0.3244661458333333 0.26084722222222223 0.016067708333333344 0.0729351851851852
1 0.3423802083333333 0.255875 0.01690625000000002 0.06621296296296299
0 0.4116901041666666 0.5506851851851852 0.1506302083333333 0.4593703703703703
1 0.41539843750000005 0.3872777777777778 0.13569270833333338 0.5378333333333334
1 0.4676927083333334 0.31508796296296293 0.03961458333333331 0.22112037037037038
1 0.5105911458333333 0.3082824074074075 0.03871354166666669 0.2734351851851852