1 0.5670963541666667 0.31590740740740736 0.020442708333333334 0.14485185185185184
1 0.5960520833333334 0.32573611111111106 0.033833333333333354 0.17630555555555558
1 0.6191666666666666 0.32243055555555555 0.03927083333333338 0.1919907407407407
1 0.653265625 0.3201481481481481 0.020833333333333332 0.13796296296296295
1 0.6731640624999999 0.3324212962962963 0.03231770833333331 0.17849074074074073
1 0.7085572916666667 0.3342777777777778 0.02236458333333336 0.16422222222222224
1 0.7229947916666667 0.336 0.02901041666666669 0.17022222222222225
1 0.7596822916666667 0.3404490740740741 0.03386458333333332 0.1726203703703703
1 0.818125 0.34314814814814815 0.03458333333333338 0.19
1 0.8672083333333334 0.3578194444444444 0.04287499999999997 0.2534351851851851
1 0.9026197916666666 0.365925925925926 0.044270833333333336 0.20203703703703701
1 0.335140625 0.2811203703703704 0.02559374999999999 0.13794444444444445
1 0.3651302083333333 0.3004675925925926 0.035468750000000014 0.14258333333333334
1 0.425328125 0.37990277777777776 0.07601041666666669 0.18834259259259262