1 0.5458567708333334 0.5354537037037037 0.02443229166666671 0.1168703703703704
1 0.5740885416666667 0.5325740740740741 0.025260416666666667 0.11448148148148148
1 0.5960625 0.5317407407407407 0.017979166666666657 0.10966666666666672
1 0.8512395833333334 0.5186805555555555 0.013458333333333291 0.07560185185185184
1 0.8802890624999999 0.5261481481481481 0.020151041666666696 0.08159259259259259
1 0.9122838541666667 0.5284907407407408 0.018869791666666677 0.07190740740740738
1 0.9309609375 0.5264768518518519 0.022036458333333304 0.09445370370370369
1 0.9712630208333334 0.5318564814814815 0.022786458333333332 0.0857314814814815
1 0.3341640625 0.7221157407407407 0.10302604166666664 0.5557685185185185
0 0.3663125 0.5256805555555556 0.061104166666666695 0.0651203703703703
1 0.48473437500000005 0.5224166666666668 0.02553125000000005 0.09257407407407409