1 0.5408046875 0.36670370370370364 0.016151041666666602 0.08387037037037036
1 0.5598125 0.3824166666666667 0.0215208333333333 0.12368518518518518
1 0.143203125 0.6250416666666667 0.15828124999999998 0.651212962962963
1 0.7281666666666666 0.4543935185185185 0.05585416666666667 0.2834351851851851
1 0.2810833333333333 0.40004166666666663 0.03772916666666667 0.1867685185185185
1 0.3090598958333333 0.397087962962963 0.04490104166666668 0.1971203703703703
1 0.35606770833333334 0.406375 0.03401041666666664 0.1841018518518518
2 0.3659088541666667 0.4323472222222222 0.034276041666666694 0.10934259259259262
1 0.3965859375 0.41079166666666667 0.0428697916666667 0.1874907407407407
1 0.4259791666666667 0.4047824074074074 0.03554166666666667 0.16728703703703704
1 0.44969010416666666 0.3718240740740741 0.01843229166666666 0.09524074074074075
1 0.4678333333333333 0.36850462962962965 0.01985416666666667 0.10150925925925926
1 0.5315937500000001 0.3887222222222222 0.035249999999999976 0.1331111111111111