1 0.6045520833333333 0.41520833333333335 0.026187500000000103 0.1040277777777778
1 0.7350182291666667 0.33023148148148146 0.022463541666666604 0.07194444444444444
1 0.83478125 0.33867592592592594 0.011166666666666695 0.05616666666666669
0 0.21367708333333332 0.5490972222222223 0.06785416666666665 0.1739351851851852
1 0.2170625 0.48284722222222226 0.06058333333333333 0.22486111111111107
3 0.2618359375 0.6738333333333334 0.11104687500000002 0.20094444444444443
1 0.29 0.5773333333333334 0.14770833333333336 0.306074074074074
3 0.380484375 0.6268240740740741 0.09584374999999999 0.22679629629629636
1 0.377328125 0.5403842592592593 0.08773958333333336 0.2649722222222223
1 0.434 0.39631944444444445 0.006124999999999995 0.03217592592592593
1 0.4407994791666667 0.39672685185185186 0.007671875000000009 0.03487962962962964