1 0.5911432291666666 0.2689814814814815 0.031567708333333284 0.16574074074074074
0 0.7896223958333334 0.45637037037037037 0.1681510416666666 0.3594814814814815
0 0.8945598958333334 0.475037037037037 0.1699427083333333 0.3586296296296297
1 0.18322916666666667 0.31704166666666667 0.07677083333333332 0.35017592592592595
1 0.051333333333333335 0.37446759259259266 0.06160416666666666 0.2782870370370371
1 0.2521510416666667 0.2877268518518519 0.06496875 0.27436111111111106
1 0.37490364583333335 0.23346296296296296 0.014567708333333288 0.09733333333333331
1 0.4088098958333333 0.230287037037037 0.019151041666666656 0.08942592592592594
1 0.45565104166666665 0.2560648148148148 0.026510416666666654 0.1447222222222222
3 0.4833307291666667 0.3035324074074074 0.04896354166666666 0.10539814814814819
1 0.4899088541666667 0.28702777777777777 0.03799479166666669 0.11798148148148146
1 0.5126302083333333 0.2698842592592593 0.028385416666666666 0.16337962962962962