1 0.7088541666666667 0.4634629629629629 0.12291666666666666 0.5666666666666667
2 0.8402135416666667 0.6004490740740741 0.19373958333333335 0.4309537037037038
1 0.8280833333333334 0.48148148148148145 0.12083333333333333 0.48518518518518516
1 0.08072916666666667 0.5138888888888888 0.159375 0.9722222222222222
2 0.28619791666666666 0.4671296296296296 0.11510416666666666 0.2898148148148148
1 0.271375 0.4106018518518519 0.06521874999999998 0.10027777777777779
1 0.30891145833333333 0.3454074074074074 0.0765625 0.3509259259259259
1 0.36419270833333334 0.39375 0.08151041666666667 0.4356481481481482
1 0.4200520833333333 0.2884259259259259 0.028645833333333332 0.13425925925925927
1 0.45488541666666665 0.2911435185185185 0.021354166666666667 0.10900925925925928
1 0.49191406249999997 0.33971296296296294 0.04044270833333332 0.2515
1 0.5134010416666667 0.3425694444444445 0.04442708333333337 0.2663425925925926