0 0.6618958333333335 0.56125 0.1629791666666666 0.21138888888888885
1 0.0889140625 0.4716944444444444 0.04941145833333334 0.1180185185185185
3 0.0993125 0.48711111111111105 0.060125 0.10985185185185184
1 0.112921875 0.44520370370370377 0.02926041666666667 0.18125925925925931
1 0.02169270833333333 0.39460185185185187 0.023177083333333334 0.09894444444444446
1 0.15417708333333333 0.449537037037037 0.02539583333333333 0.15351851851851847
1 0.18578645833333335 0.4740601851851852 0.04540625 0.2298425925925926
1 0.21912239583333334 0.451537037037037 0.021755208333333352 0.15507407407407403
1 0.23408072916666667 0.4361990740740741 0.029026041666666676 0.1294537037037037
1 0.28381510416666667 0.44126851851851856 0.024453124999999964 0.11024074074074074
1 0.33098177083333336 0.48333796296296294 0.047932291666666654 0.22332407407407406
1 0.3576770833333333 0.4267824074074074 0.018614583333333337 0.10608333333333338
1 0.47410416666666666 0.5538425925925926 0.06752083333333332 0.40027777777777773
1 0.5292395833333334 0.5024861111111111 0.04245833333333338 0.32206481481481486