1 0.042604166666666665 0.6206944444444443 0.08520833333333333 0.758611111111111
1 0.5530390625 0.42283796296296294 0.040901041666666596 0.23117592592592595
3 0.5809609375000001 0.5836574074074075 0.08564062500000004 0.16831481481481478
1 0.5798177083333333 0.525513888888889 0.07708333333333334 0.27045370370370375
1 0.5831041666666666 0.43026388888888883 0.04479166666666667 0.24002777777777773
1 0.6336067708333334 0.4143055555555556 0.041015625 0.2076851851851852
1 0.6736875 0.3868009259259259 0.028645833333333332 0.15436111111111114
3 0.7154427083333333 0.5936018518518518 0.08434374999999991 0.19125925925925932
1 0.7199843749999999 0.5208287037037037 0.09003124999999995 0.30334259259259255
1 0.7113072916666667 0.4104305555555555 0.043739583333333346 0.21450925925925926
1 0.7838463541666667 0.3753842592592593 0.02084895833333332 0.11886111111111111
1 0.8145364583333332 0.3778796296296296 0.022177083333333413 0.12275925925925925
1 0.8305781250000001 0.36814814814814817 0.02113541666666663 0.10851851851851851
1 0.8689036458333333 0.37240277777777775 0.019276041666666664 0.10297222222222226
1 0.2661328125 0.4963333333333333 0.07429687499999998 0.3973333333333333
1 0.40994791666666663 0.4573888888888889 0.04458333333333334 0.2472592592592593
1 0.45998437500000006 0.4571481481481482 0.04971874999999996 0.25792592592592595
1 0.49348437500000003 0.4148148148148148 0.028135416666666656 0.15314814814814817
1 0.5123854166666667 0.43174999999999997 0.05252083333333335 0.23168518518518516