3 0.5847317708333333 0.6729398148148149 0.10470312500000005 0.16930555555555557
1 0.5989062500000001 0.6042592592592593 0.11656249999999997 0.2511111111111112
3 0.701296875 0.681287037037037 0.16813541666666676 0.22724074074074072
1 0.6876901041666666 0.6034722222222222 0.12514062499999998 0.2865740740740741
1 0.8864947916666667 0.4809953703703704 0.04742708333333331 0.2011574074074074
1 0.040317708333333334 0.47091203703703705 0.03353125 0.1574351851851852
1 0.28677864583333335 0.46998148148148144 0.020296875000000013 0.07725925925925921
1 0.311046875 0.46960648148148143 0.015718749999999972 0.06967592592592588
1 0.4348151041666667 0.43506944444444445 0.007453124999999972 0.04282407407407408
1 0.45576302083333337 0.43843055555555555 0.011182291666666622 0.05573148148148148
1 0.4728177083333333 0.44375925925925924 0.012281250000000021 0.06025925925925924
1 0.5236328125 0.4362037037037037 0.009505208333333333 0.04333333333333334