1 0.033854166666666664 0.4444444444444444 0.06770833333333333 0.5175925925925926
1 0.5867239583333334 0.4755416666666667 0.11144791666666667 0.48521296296296296
1 0.5904947916666666 0.13462962962962963 0.02109375 0.08592592592592593
1 0.6737890624999999 0.07743055555555556 0.011796875000000047 0.0610648148148148
0 0.8008854166666667 0.2506481481481481 0.11322916666666671 0.14203703703703702
1 0.8591640625 0.15062962962962964 0.019588541666666733 0.04133333333333332
0 0.16925 0.11916666666666666 0.0336875 0.058888888888888886
1 0.37161458333333336 0.2273148148148148 0.0609375 0.3138888888888889
1 0.40833854166666667 0.34159259259259256 0.05571875000000001 0.29977777777777775
2 0.5938125 0.6812731481481481 0.21185416666666665 0.5241203703703703
1 0.517109375 0.11157407407407408 0.00713541666666669 0.03981481481481482