1 0.5953619791666667 0.461125 0.09448437499999993 0.3992314814814815
1 0.6060494791666666 0.4496851851851852 0.0638281250000001 0.35033333333333333
1 0.71559375 0.4599166666666667 0.05139583333333337 0.19424074074074077
1 0.9703515625 0.4981527777777778 0.05929687499999995 0.3690648148148148
1 0.27512239583333337 0.5402175925925925 0.13090104166666666 0.5169722222222223
1 0.2909375 0.4821898148148148 0.04585416666666665 0.23025
2 0.40224739583333335 0.6181388888888888 0.16154687499999998 0.3513148148148148
1 0.41177864583333335 0.6050231481481481 0.16483854166666667 0.2599907407407408
1 0.36830729166666665 0.42721296296296296 0.06786458333333331 0.4018333333333334
1 0.4436484375 0.44754629629629633 0.07707812500000001 0.44138888888888894
1 0.5295755208333334 0.5336157407407408 0.12105729166666664 0.5770277777777778