1 0.5413411458333334 0.442037037037037 0.02518229166666662 0.1544444444444444
1 0.5622161458333333 0.48380092592592594 0.0373385416666667 0.20721296296296293
1 0.60203125 0.4837407407407408 0.03197916666666659 0.1778888888888889
1 0.6630364583333334 0.6594398148148147 0.13559375000000007 0.6811203703703704
1 0.7073333333333333 0.47081944444444446 0.04268750000000002 0.22224999999999998
1 0.805640625 0.6620833333333332 0.1510104166666667 0.6758333333333333
1 0.7488255208333333 0.47255555555555556 0.02609895833333328 0.19099999999999998
1 0.8805208333333333 0.4737962962962963 0.03093749999999993 0.1525925925925926
1 0.9352890625000001 0.6144259259259259 0.09067187499999996 0.3946666666666667
2 0.9590963541666667 0.6870740740740741 0.08180729166666663 0.19487037037037042
1 0.3181875 0.4564490740740741 0.045083333333333364 0.17599074074074073
1 0.429828125 0.4149212962962963 0.017093749999999967 0.1040462962962963
1 0.459015625 0.4232453703703704 0.017093750000000026 0.11408333333333337
1 0.4774270833333334 0.4243194444444444 0.02170833333333331 0.11382407407407408
1 0.5006380208333333 0.40564814814814815 0.024036458333333323 0.075
1 0.5049218750000001 0.42307870370370365 0.020468750000000036 0.11569444444444443