1 0.5567708333333333 0.36310185185185184 0.053125 0.24101851851851847
1 0.5888072916666667 0.3272314814814815 0.01875 0.10740740740740741
1 0.6919270833333333 0.3261157407407408 0.03697916666666667 0.14425000000000002
0 0.7497395833333333 0.40819444444444447 0.1015625 0.1830555555555556
1 0.75 0.36574074074074076 0.06041666666666667 0.2833333333333333
1 0.775 0.31805555555555554 0.034375 0.15092592592592594
1 0.8235755208333334 0.3146342592592592 0.026442708333333325 0.13710185185185184
1 0.3806979166666667 0.3904259259259259 0.058854166666666666 0.2962962962962962
2 0.4231458333333334 0.4628240740740741 0.06875 0.19305555555555556
1 0.4348958333333333 0.33611111111111114 0.023958333333333335 0.09444444444444444
1 0.47317708333333336 0.3949259259259259 0.04635416666666667 0.2540370370370371
1 0.4720052083333333 0.3554768518518518 0.04192708333333333 0.13873148148148146
1 0.5192708333333333 0.37546296296296294 0.04375 0.2175925925925926