1 0.5383437499999999 0.07779166666666666 0.012166666666666614 0.058305555555555555
1 0.5584088541666666 0.07401851851851851 0.012140624999999971 0.06807407407407408
1 0.5737083333333334 0.06560185185185184 0.01925000000000002 0.10712962962962962
1 0.5919401041666668 0.06702314814814815 0.018203125000000025 0.10187962962962963
1 0.6165885416666667 0.11763888888888889 0.056093750000000026 0.23527777777777778
1 0.65515625 0.05566666666666667 0.01925000000000002 0.10712962962962963
1 0.6717395833333334 0.08041666666666666 0.026520833333333372 0.16083333333333333
1 0.6877604166666667 0.0787037037037037 0.0390625 0.1574074074074074
1 0.40963541666666664 0.12731481481481483 0.05364583333333333 0.23796296296296296
1 0.4354166666666667 0.10277777777777777 0.020833333333333332 0.1111111111111111
1 0.4539479166666666 0.09595833333333333 0.022624999999999968 0.11160185185185185
1 0.4608177083333333 0.08662962962962963 0.015760416666666662 0.07785185185185184
1 0.4737734375 0.08949537037037038 0.017640625000000004 0.07291666666666667
1 0.4813151041666667 0.08323611111111112 0.013411458333333333 0.08241666666666667
1 0.4903984375 0.09747222222222222 0.028161458333333358 0.11875925925925924
1 0.520140625 0.08487499999999999 0.025656249999999995 0.15562037037037035