1 0.5902291666666667 0.20078703703703704 0.0203125 0.1010185185185185
1 0.6297083333333333 0.21 0.016312499999999966 0.08259259259259258
1 0.6451510416666667 0.19613425925925926 0.018062500000000033 0.10736111111111113
1 0.6681614583333333 0.21537037037037038 0.014822916666666568 0.07240740740740739
1 0.6749921875000001 0.20589351851851853 0.012932291666666746 0.06958333333333334
1 0.7754635416666666 0.23713425925925927 0.016572916666666635 0.08739814814814816
1 0.790359375 0.21768981481481484 0.022927083333333324 0.12721296296296297
1 0.1375 0.23185185185185186 0.06354166666666666 0.31925925925925924
1 0.2025390625 0.2337175925925926 0.07867187499999997 0.3553425925925926
1 0.3031197916666667 0.19858333333333336 0.027604166666666666 0.1489814814814815
1 0.3369244791666667 0.1856712962962963 0.047401041666666664 0.18939814814814815
1 0.38071354166666665 0.20130555555555557 0.0265625 0.14444444444444446
1 0.41171875 0.18513888888888888 0.0203125 0.09990740740740742
2 0.5521875 0.665462962962963 0.29316666666666674 0.669074074074074
1 0.5228697916666667 0.6707314814814814 0.22996875000000003 0.20572222222222228
1 0.428125 0.18900925925925927 0.015625 0.08888888888888889
1 0.44583854166666664 0.18040277777777777 0.021031249999999998 0.10660185185185185
1 0.45677083333333335 0.1870925925925926 0.015645833333333314 0.09392592592592593