1 0.78996875 0.30872222222222223 0.011677083333333371 0.05161111111111112
1 0.8802057291666666 0.30947222222222226 0.011765624999999957 0.05042592592592591
1 0.9017239583333333 0.30925925925925923 0.013166666666666653 0.05061111111111108
1 0.9343177083333334 0.3142407407407407 0.01484375 0.05388888888888893
1 0.9490416666666666 0.31499074074074074 0.014760416666666625 0.04814814814814815
1 0.9604739583333334 0.31505092592592593 0.017000000000000053 0.05023148148148148
1 0.9702291666666666 0.31559259259259265 0.01221875000000002 0.03909259259259257
1 0.30567968749999996 0.5801388888888889 0.16791145833333335 0.3842592592592592
3 0.3236588541666666 0.7087731481481482 0.1453385416666667 0.27645370370370365
0 0.2785338541666667 0.36366666666666664 0.043130208333333364 0.0433888888888889
3 0.4509557291666667 0.6150555555555556 0.09560937500000002 0.20683333333333334
1 0.4539921875 0.5299768518518518 0.09275520833333335 0.30247222222222225
1 0.4726197916666667 0.35994444444444446 0.02162500000000005 0.09025925925925928
0 0.5804817708333334 0.7118611111111111 0.126734375 0.5374814814814814