1 0.0171875 0.5098518518518519 0.034375 0.18796296296296297
1 0.5588984375 0.535162037037037 0.039494791666666626 0.19745370370370371
1 0.5905416666666666 0.47322222222222227 0.028125 0.1407407407407408
1 0.6041145833333333 0.5350648148148148 0.05333333333333326 0.27190740740740743
1 0.6098177083333333 0.5928703703703704 0.03973958333333331 0.24685185185185188
1 0.6375 0.4759259259259259 0.028125 0.14074074074074075
1 0.675859375 0.5473333333333333 0.04895833333333333 0.21607407407407403
1 0.06145833333333333 0.5591296296296296 0.08229166666666667 0.35288888888888886
1 0.2782135416666666 0.48138888888888887 0.0364583333333333 0.1609259259259259
1 0.27589843750000004 0.46325462962962966 0.02532812499999997 0.06769444444444446
1 0.2955833333333333 0.45515740740740745 0.034895833333333334 0.15046296296296302
1 0.32407031249999996 0.48013888888888884 0.04592187499999998 0.17009259259259257
1 0.3137083333333333 0.4594722222222222 0.0230208333333333 0.0746111111111111
1 0.3643177083333333 0.4750694444444445 0.028645833333333332 0.16245370370370363
1 0.3945416666666667 0.4762407407407408 0.04158333333333335 0.16640740740740742
1 0.41432291666666665 0.4685185185185185 0.027604166666666666 0.1648148148148148
1 0.45066406249999996 0.4921111111111111 0.03502604166666667 0.19540740740740742
2 0.48725781250000005 0.7389537037037036 0.07558854166666666 0.2702407407407407
1 0.4637994791666667 0.4621574074074074 0.024588541666666686 0.13901851851851857
1 0.074125 0.494 0.050708333333333334 0.26070370370370366
1 0.4973359375 0.4588703703703704 0.0226197916666667 0.10985185185185184
1 0.5232291666666666 0.5251898148148149 0.03468750000000007 0.19610185185185186