1 0.5861276041666666 0.5991944444444445 0.05753645833333323 0.29814814814814816
2 0.6212630208333333 0.7077314814814815 0.10257812500000002 0.27527777777777773
1 0.11001562499999999 0.6593703703703703 0.09340624999999998 0.5410740740740739
1 0.662359375 0.6115648148148148 0.058510416666666745 0.32779629629629625
1 0.6795208333333332 0.5829583333333334 0.051895833333333384 0.3277685185185185
1 0.7153619791666667 0.5904166666666667 0.04802604166666657 0.25435185185185183
1 0.7441770833333333 0.600550925925926 0.03831249999999997 0.23556481481481478
1 0.7892500000000001 0.5897685185185185 0.046708333333333366 0.23694444444444443
0 0.9536458333333333 0.729537037037037 0.09270833333333334 0.2687037037037037
1 0.26769531249999995 0.46046759259259257 0.01388020833333332 0.07591666666666662
1 0.34020312500000005 0.5367361111111111 0.04428125000000005 0.13699074074074072
1 0.35415364583333336 0.5685 0.049609375 0.27040740740740743
1 0.41343749999999996 0.6065925925925926 0.06468749999999997 0.3371851851851852
1 0.4631354166666667 0.6027777777777777 0.05258333333333335 0.3438888888888889