1 0.54809375 0.37581018518518516 0.022354166666666585 0.09837962962962964
0 0.54825 0.3990277777777778 0.017708333333333333 0.0613888888888889
0 0.5730338541666666 0.42483796296296295 0.023307291666666667 0.07013888888888889
1 0.5733333333333335 0.3961944444444444 0.02333333333333331 0.11279629629629628
1 0.11163541666666665 0.5816388888888889 0.10208333333333332 0.540425925925926
1 0.254171875 0.6454259259259258 0.09842708333333335 0.5917407407407408
1 0.30831250000000004 0.39902314814814815 0.02993750000000001 0.13436111111111113
1 0.33236458333333335 0.41044907407407405 0.020687500000000015 0.1455833333333333
1 0.3449583333333333 0.4129861111111111 0.026333333333333365 0.13439814814814818
1 0.36780468749999995 0.4146990740740741 0.024494791666666713 0.13782407407407404
1 0.084078125 0.6318657407407408 0.15996875 0.5984907407407407
1 0.39403906250000004 0.38472222222222224 0.01765104166666666 0.10277777777777777
2 0.3991588541666667 0.4000138888888889 0.024130208333333295 0.07123148148148149
1 0.4615234375 0.3864814814814815 0.024453125000000023 0.10740740740740741
0 0.46114322916666667 0.41044444444444445 0.019703124999999964 0.06611111111111115
0 0.47331510416666667 0.39568055555555554 0.01704687500000001 0.06493518518518518
1 0.47409375 0.3642268518518519 0.018270833333333295 0.0937685185185185
1 0.49766406250000006 0.3864444444444445 0.019984375000000002 0.10914814814814815
0 0.49689322916666673 0.413 0.01815104166666668 0.06257407407407406
1 0.5248229166666667 0.3760324074074074 0.023374999999999937 0.0996574074074074