0 0.15015625000000002 0.8432268518518518 0.30031250000000004 0.31354629629629627
1 0.558984375 0.4686388888888889 0.037760416666666664 0.20938888888888893
1 0.6699348958333334 0.41969907407407403 0.017421875000000024 0.10393518518518519
1 0.8002604166666667 0.4348472222222222 0.03125 0.12956481481481483
1 0.8337760416666666 0.4313888888888889 0.032864583333333405 0.13722222222222222
1 0.9108333333333333 0.4689027777777777 0.051874999999999956 0.20904629629629629
1 0.95359375 0.3784722222222222 0.02510416666666669 0.11046296296296292
1 0.9921354166666667 0.38353703703703707 0.014687500000000023 0.07811111111111108
0 0.2184088541666667 0.5630925925925926 0.21422395833333333 0.2514074074074074
1 0.28123437500000004 0.44205555555555553 0.037218750000000016 0.22570370370370366
1 0.37422395833333333 0.41653703703703704 0.017072916666666653 0.12433333333333331
1 0.41091145833333337 0.4139583333333333 0.03265624999999996 0.13134259259259262
0 0.41783072916666664 0.4375 0.032880208333333334 0.08518518518518518
1 0.5056171875 0.45433333333333337 0.04220312499999999 0.20337037037037037