1 0.5700598958333333 0.3810787037037037 0.015817708333333395 0.07173148148148151
1 0.6944296874999999 0.4027685185185185 0.017192708333333327 0.08612962962962961
1 0.7267890625 0.39135185185185184 0.015276041666666629 0.07692592592592591
1 0.08970572916666668 0.3675 0.02381770833333333 0.08388888888888886
1 0.7911197916666667 0.43060185185185185 0.02557291666666662 0.12398148148148146
1 0.8149947916666667 0.398712962962963 0.020010416666666704 0.08979629629629632
1 0.8550182291666667 0.4300555555555555 0.025557291666666752 0.12748148148148145
1 0.8828489583333334 0.4064861111111111 0.02180208333333328 0.11128703703703703
1 0.8931979166666667 0.4306944444444445 0.030062500000000013 0.12601851851851853
1 0.9186510416666667 0.4368888888888889 0.02592708333333332 0.13622222222222222
1 0.9553671874999999 0.46465277777777775 0.039369791666666626 0.17439814814814816
1 0.98990625 0.468837962962963 0.020187499999999994 0.17176851851851857
2 0.17784114583333333 0.6269861111111111 0.12056770833333333 0.25306481481481474