1 0.5755104166666667 0.37401851851851853 0.0549166666666667 0.236037037037037
1 0.6603307291666667 0.354462962962963 0.03680729166666671 0.10755555555555553
1 0.086265625 0.36037037037037034 0.03121875 0.1485185185185185
1 0.025843750000000002 0.36018518518518516 0.036333333333333336 0.16425925925925924
1 0.1298645833333333 0.3348657407407407 0.011833333333333333 0.05434259259259259
1 0.13745833333333332 0.33252314814814815 0.018208333333333323 0.059583333333333356
0 0.20067968749999998 0.34326851851851853 0.034932291666666664 0.03659259259259257
1 0.23411197916666668 0.33288425925925924 0.009901041666666662 0.05775
1 0.24729166666666666 0.33689814814814817 0.013333333333333345 0.04787037037037036
1 0.2855989583333333 0.3293287037037037 0.017031250000000022 0.06171296296296294
0 0.33994010416666665 0.34117592592592594 0.03197395833333332 0.03625925925925928
1 0.3836875 0.3262037037037037 0.014604166666666706 0.06166666666666669
1 0.4405078125 0.3658796296296296 0.04596354166666667 0.24787037037037035
1 0.47883333333333333 0.37777777777777777 0.04358333333333337 0.21481481481481482