1 0.5842578125000001 0.6351388888888889 0.07408854166666666 0.3276851851851852
1 0.57575 0.3898287037037037 0.025562499999999964 0.10089814814814817
0 0.631609375 0.41692129629629626 0.04876041666666661 0.07375000000000004
1 0.8760026041666668 0.5480416666666666 0.15653645833333332 0.5418796296296297
2 0.9742734375000001 0.6483333333333334 0.05145312499999998 0.26205555555555554
1 0.9801666666666667 0.6235509259259259 0.03966666666666671 0.1599537037037037
1 0.3657161458333333 0.36893981481481486 0.01846354166666663 0.10156481481481482
1 0.40734114583333336 0.3887453703703704 0.016567708333333306 0.06417592592592593
1 0.45602864583333336 0.417375 0.04351562500000004 0.18413888888888894
2 0.46068749999999997 0.46547222222222223 0.03456250000000001 0.13794444444444445
1 0.49461458333333336 0.4212777777777778 0.035875 0.17744444444444438
1 0.5098854166666666 0.6784166666666667 0.06522916666666662 0.3477962962962963