1 0.5550338541666666 0.23239351851851853 0.009828124999999943 0.06687962962962965
1 0.5614453125 0.22502314814814817 0.00867187499999993 0.060694444444444454
1 0.6013203125000001 0.22005555555555556 0.011317708333333343 0.0672962962962963
1 0.6215989583333332 0.2151759259259259 0.011322916666666672 0.07187037037037035
1 0.6383541666666666 0.21558333333333332 0.014229166666666633 0.07624074074074075
1 0.6734010416666667 0.2096296296296296 0.009406249999999972 0.06814814814814814
1 0.08195572916666666 0.23950925925925928 0.014942708333333332 0.07283333333333333
1 0.09988541666666667 0.23899537037037039 0.01668750000000001 0.07404629629629632
1 0.12403645833333334 0.23567129629629627 0.018906250000000006 0.07810185185185185
1 0.13922395833333334 0.23888425925925927 0.014572916666666677 0.07408333333333332
1 0.15270052083333333 0.2376712962962963 0.015119791666666653 0.07780555555555556
1 0.16899479166666667 0.24598148148148144 0.03419791666666668 0.08396296296296298
1 0.192796875 0.23794444444444446 0.0140625 0.05925925925925928
1 0.4365911458333333 0.23147222222222222 0.009421874999999958 0.04742592592592595