2 0.55225 0.34342129629629625 0.026583333333333313 0.08204629629629631
1 0.5587578125 0.3137685185185185 0.0180052083333333 0.10949999999999999
1 0.582890625 0.3137037037037037 0.01473958333333331 0.09037037037037039
1 0.5980520833333334 0.32061574074074073 0.018166666666666723 0.10487962962962961
1 0.8583541666666666 0.33687500000000004 0.02485416666666668 0.09680555555555556
1 0.8913802083333333 0.33698611111111115 0.022343750000000048 0.11325
1 0.9076822916666667 0.3353703703703704 0.02098958333333343 0.08981481481481482
1 0.9200182291666666 0.3291527777777778 0.01704687500000001 0.09299074074074075
1 0.9336979166666667 0.3296296296296296 0.022395833333333334 0.09814814814814815
1 0.9823177083333333 0.3354212962962963 0.024947916666666715 0.08545370370370367
1 0.9918020833333333 0.34341666666666665 0.016395833333333342 0.1003888888888889
1 0.4545807291666667 0.3336481481481482 0.021151041666666672 0.131962962962963
1 0.47610677083333336 0.33888425925925925 0.015598958333333357 0.1305648148148148
1 0.4958515625 0.31669444444444445 0.015380208333333319 0.08512962962962962
1 0.5300338541666666 0.3196435185185185 0.023994791666666692 0.11219444444444446