3 0.771359375 0.4836342592592593 0.17551041666666667 0.4199537037037037
1 0.7585 0.45360648148148147 0.1328333333333333 0.3524166666666667
1 0.15366666666666667 0.23977314814814812 0.017770833333333336 0.05971296296296295
1 0.21159114583333333 0.4884953703703704 0.1207760416666667 0.7043055555555555
1 0.09184895833333333 0.4460046296296296 0.13786458333333332 0.600212962962963
1 0.24040104166666668 0.24215740740740743 0.013156249999999996 0.06864814814814817
1 0.2501640625 0.23822685185185188 0.013838541666666693 0.07373148148148151
1 0.29424479166666667 0.23482407407407407 0.015156250000000012 0.0762777777777778
1 0.3221354166666667 0.24450462962962963 0.019375000000000024 0.0726574074074074
1 0.375859375 0.39537037037037037 0.0850520833333333 0.5314814814814814
1 0.482625 0.37976388888888885 0.1093645833333334 0.5194166666666666