1 0.5586953124999999 0.30778240740740737 0.013651041666666686 0.07221296296296292
2 0.6037135416666667 0.438625 0.05226041666666662 0.15775
1 0.6104479166666666 0.4605787037037037 0.041104166666666705 0.11199074074074072
1 0.6176458333333333 0.4116111111111111 0.037104166666666674 0.1865925925925926
1 0.6859583333333333 0.48597222222222225 0.10443749999999999 0.5291666666666667
1 0.7371328125000001 0.4401435185185185 0.072796875 0.2594722222222222
1 0.7643697916666667 0.5700138888888889 0.10126041666666659 0.48552777777777767
1 0.735375 0.34225 0.01942708333333331 0.1131666666666667
2 0.8154895833333333 0.5211111111111111 0.0674166666666667 0.14855555555555555
1 0.8083333333333333 0.35165740740740736 0.029166666666666667 0.1326111111111111
0 0.8972109375 0.7432407407407408 0.20557812500000003 0.3772222222222222
0 0.8927682291666666 0.35406944444444444 0.030880208333333315 0.06199074074074073
1 0.9650286458333334 0.6808796296296297 0.06994270833333331 0.5802777777777778
1 0.9829687500000001 0.3477685185185185 0.028750000000000022 0.08298148148148149
2 0.49138020833333335 0.4169861111111111 0.0652604166666667 0.1588055555555556
1 0.4869114583333333 0.41471759259259255 0.04752083333333334 0.10360185185185183
1 0.5074348958333333 0.3693703703703704 0.050130208333333336 0.22811111111111113
1 0.5314921875 0.32873148148148146 0.022411458333333318 0.10220370370370375