1 0.5511354166666665 0.4071111111111111 0.015687500000000063 0.08722222222222221
1 0.6510963541666667 0.4097546296296296 0.0168697916666666 0.08882407407407408
1 0.69921875 0.41967592592592595 0.029583333333333427 0.10972222222222222
1 0.8074765625 0.42398148148148146 0.017130208333333268 0.08074074074074072
1 0.9086510416666668 0.4170277777777778 0.022489583333333365 0.08520370370370368
1 0.9521432291666667 0.4238009259259259 0.024880208333333324 0.08647222222222221
1 0.06940885416666666 0.564212962962963 0.11128645833333332 0.5117592592592592
1 0.20270572916666668 0.575 0.07802604166666667 0.4
1 0.45729166666666665 0.41462962962962957 0.020833333333333332 0.11499999999999999
1 0.5041666666666667 0.4245972222222223 0.019791666666666666 0.10765740740740744
1 0.534375 0.4096342592592592 0.029166666666666667 0.09591666666666665