1 0.027265625 0.6286527777777778 0.05453125 0.26713888888888887
3 0.7160989583333334 0.6639490740740741 0.13540625 0.22376851851851848
1 0.7143098958333333 0.6231712962962963 0.09825520833333326 0.17939814814814814
1 0.8986354166666667 0.6728425925925926 0.1103333333333333 0.3409814814814815
1 0.898953125 0.46861574074074075 0.012135416666666761 0.055824074074074095
1 0.16961458333333332 0.7302592592592593 0.07264583333333333 0.42077777777777775
1 0.22378906249999997 0.49894444444444447 0.039817708333333326 0.1165555555555555
1 0.31261197916666666 0.5286898148148148 0.022276041666666656 0.13243518518518516
1 0.3361614583333334 0.5312453703703703 0.018302083333333326 0.12825
1 0.372265625 0.4634768518518519 0.012135416666666643 0.055824074074074095
1 0.38421875 0.4683703703703703 0.011354166666666702 0.06770370370370371
1 0.40137239583333334 0.4725787037037037 0.011838541666666676 0.056879629629629634