1 0.5547864583333334 0.4958101851851852 0.03209374999999994 0.12893518518518518
1 0.6056119791666668 0.5221666666666667 0.025088541666666585 0.10935185185185187
1 0.6239036458333334 0.48037037037037034 0.026359375000000067 0.1051851851851852
1 0.6509166666666667 0.48538425925925927 0.022541666666666772 0.10737962962962966
1 0.6875651041666667 0.4988472222222222 0.028932291666666762 0.1623055555555555
0 0.3545104166666667 0.4733981481481481 0.04097916666666664 0.05968518518518517
1 0.3554583333333333 0.4450277777777778 0.02449999999999998 0.09253703703703703
0 0.4025078125 0.502263888888889 0.02830729166666668 0.0874907407407408
1 0.40626822916666666 0.47662037037037036 0.03215104166666668 0.12046296296296292
1 0.40515885416666664 0.42276851851851854 0.017213541666666644 0.07783333333333334
1 0.4220546875 0.4391990740740741 0.018703124999999984 0.07593518518518523
1 0.44499479166666667 0.4363009259259259 0.024593750000000015 0.09943518518518517