1 0.5442604166666667 0.5063888888888889 0.04585416666666665 0.23555555555555557
1 0.5763307291666666 0.5007175925925925 0.03432812500000004 0.16726851851851854
2 0.6103125000000001 0.6388935185185185 0.06708333333333331 0.23758333333333326
1 0.6018229166666667 0.528425925925926 0.044270833333333336 0.23111111111111113
1 0.6303645833333333 0.5291666666666667 0.034687499999999954 0.21203703703703702
2 0.236140625 0.7625972222222223 0.15376041666666668 0.4151759259259259
1 0.200390625 0.6012962962962963 0.08203125 0.20277777777777778
1 0.22016666666666665 0.7724583333333334 0.10972916666666664 0.23580555555555563
1 0.2903125 0.61875 0.09229166666666666 0.49231481481481487
1 0.3848255208333333 0.7386666666666667 0.07566145833333332 0.3882222222222222
1 0.395140625 0.5082731481481482 0.06086458333333334 0.14215740740740743
1 0.4728385416666666 0.5091157407407407 0.04838541666666665 0.23436111111111108