1 0.02276041666666667 0.4288796296296296 0.04552083333333334 0.3081666666666667
0 0.7548906249999999 0.2994444444444444 0.0394895833333333 0.05074074074074075
1 0.7895833333333333 0.2878240740740741 0.014583333333333334 0.07379629629629629
1 0.8478645833333334 0.28500000000000003 0.017604166666666643 0.07925925925925928
0 0.86428125 0.29880092592592594 0.03564583333333336 0.048324074074074075
0 0.8920807291666667 0.29974074074074075 0.029484374999999948 0.04385185185185181
1 0.1255390625 0.2673611111111111 0.016838541666666658 0.08657407407407407
2 0.24474999999999997 0.6020833333333333 0.10113541666666667 0.3780925925925926
1 0.240078125 0.2823148148148148 0.01661458333333332 0.09481481481481485
1 0.3203125 0.43842592592592594 0.07604166666666666 0.29907407407407405
1 0.07254427083333333 0.46361111111111114 0.08272395833333332 0.372962962962963
1 0.44080729166666666 0.2722222222222222 0.020468749999999977 0.07592592592592592
1 0.053125 0.26342592592592595 0.01875 0.10462962962962963
1 0.52265625 0.4524074074074074 0.0777083333333333 0.4283333333333333