1 0.5565208333333334 0.2885833333333333 0.055812499999999925 0.28727777777777774
1 0.57421875 0.24722222222222223 0.033854166666666664 0.18703703703703703
1 0.6067083333333334 0.23729629629629628 0.030729166666666665 0.15277777777777776
1 0.6255234375000001 0.25069444444444444 0.0329218749999999 0.1275
1 0.6505208333333333 0.24339814814814814 0.022812500000000093 0.13672222222222222
1 0.27355989583333334 0.27492592592592596 0.03496354166666663 0.20162962962962966
1 0.32795572916666665 0.2646805555555556 0.025026041666666703 0.17619444444444443
1 0.35546875 0.2766851851851852 0.030416666666666713 0.18792592592592594
1 0.3692213541666666 0.2522222222222222 0.030098958333333314 0.1327777777777778
1 0.4033203125 0.2562638888888889 0.028776041666666665 0.1689537037037037
1 0.43578645833333335 0.24236574074074074 0.025510416666666678 0.16175000000000003
1 0.4569270833333333 0.25013888888888886 0.019791666666666666 0.1423148148148148
1 0.48098958333333336 0.23930555555555555 0.022395833333333334 0.12777777777777777
1 0.5140625 0.2796296296296296 0.051041666666666666 0.3037037037037037