1 0.5456067708333333 0.42220833333333335 0.03496354166666672 0.11210185185185184
1 0.546515625 0.4585324074074074 0.033635416666666626 0.19589814814814815
2 0.6022369791666667 0.49473148148148144 0.03825520833333336 0.10412962962962961
1 0.6025963541666667 0.47018518518518515 0.032723958333333414 0.1761111111111111
1 0.6295598958333334 0.4550462962962963 0.0319218750000001 0.15453703703703703
1 0.6784244791666666 0.46167592592592593 0.041380208333333356 0.1881296296296297
1 0.739375 0.44675000000000004 0.041666666666666664 0.15094444444444444
1 0.75390625 0.42004629629629625 0.0171875 0.10120370370370371
1 0.8457734375 0.4187546296296296 0.025901041666666676 0.1084722222222222
1 0.87109375 0.5425648148148149 0.07447916666666667 0.3851851851851852
1 0.9695234375 0.5217037037037038 0.06095312499999998 0.43611111111111117