1 0.5576953125 0.5795601851851852 0.03648437499999998 0.20087962962962957
1 0.6998958333333333 0.5990000000000001 0.04041666666666662 0.22440740740740742
1 0.8790494791666668 0.620925925925926 0.06877604166666665 0.2918518518518519
1 0.9250442708333334 0.6008981481481481 0.06939062500000001 0.3202407407407407
1 0.27182812500000003 0.535412037037037 0.02009375000000002 0.10269444444444452
1 0.31479166666666664 0.6996759259259259 0.09802083333333332 0.4828703703703704
1 0.28470833333333334 0.5416527777777778 0.017354166666666632 0.0929907407407408
1 0.3634791666666667 0.5709675925925926 0.04606250000000003 0.22343518518518513
1 0.4306328125 0.5649861111111111 0.01900520833333328 0.04147222222222229
1 0.47109375 0.5583333333333333 0.0203125 0.12037037037037036
1 0.48596354166666667 0.5638148148148148 0.028385416666666666 0.1479259259259259