0 0.0340625 0.6796527777777778 0.068125 0.18773148148148147
1 0.5419270833333333 0.5858518518518518 0.0421875 0.20977777777777773
0 0.5611953125 0.5583055555555556 0.06101562499999999 0.08146296296296297
1 0.5628072916666668 0.5388240740740742 0.019906250000000014 0.12161111111111114
3 0.13448177083333335 0.6599537037037037 0.11447395833333335 0.16361111111111115
1 0.14975781249999998 0.6236666666666666 0.09166145833333332 0.17825925925925934
1 0.20028645833333333 0.5482824074074074 0.030781250000000013 0.15778703703703706
0 0.21380989583333332 0.6337916666666666 0.05738020833333334 0.17519444444444449
0 0.26607291666666666 0.6252962962962962 0.07483333333333336 0.1603333333333333
1 0.382890625 0.5226759259259259 0.01651041666666669 0.10520370370370366
1 0.413890625 0.5289907407407407 0.017739583333333364 0.10183333333333325
1 0.44056510416666667 0.5289259259259259 0.029744791666666673 0.09992592592592599
1 0.47256250000000005 0.5435092592592593 0.021875 0.10798148148148148
1 0.4936588541666667 0.5733333333333334 0.03664062500000001 0.1572222222222223
1 0.5058385416666666 0.5420324074074074 0.02582291666666669 0.12926851851851853
1 0.5199791666666667 0.5284212962962962 0.01942708333333331 0.10226851851851845