1 0.5296875 0.2466574074074074 0.011458333333333333 0.05483333333333333
1 0.7309296875 0.24552314814814816 0.01790104166666661 0.06006481481481485
1 0.9167708333333333 0.2581481481481482 0.024479166666666666 0.09537037037037037
1 0.9628645833333334 0.2639351851851852 0.034687499999999954 0.11675925925925928
2 0.2548333333333333 0.7638981481481482 0.17210416666666667 0.44868518518518513
2 0.31381510416666664 0.2758703703703704 0.028286458333333306 0.061
1 0.33200520833333336 0.2527592592592593 0.017656249999999988 0.10370370370370373
1 0.408203125 0.24157407407407405 0.009635416666666667 0.05425925925925926
1 0.4260130208333333 0.24602314814814819 0.009005208333333374 0.0507314814814815
1 0.45499218750000003 0.24350000000000002 0.009598958333333307 0.05392592592592593
1 0.4667838541666667 0.24555555555555555 0.008723958333333334 0.0501851851851852
1 0.4937578125 0.24204166666666665 0.009598958333333367 0.05332407407407405
1 0.49888020833333335 0.24583796296296295 0.009010416666666642 0.05647222222222223
1 0.5118385416666666 0.24704166666666666 0.010177083333333314 0.05425000000000003