1 0.5378124999999999 0.2741574074074074 0.01083333333333331 0.056129629629629633
1 0.545703125 0.2735972222222222 0.009000000000000103 0.05928703703703701
1 0.611390625 0.33674074074074073 0.03315625000000004 0.15233333333333332
0 0.6338880208333334 0.35381944444444446 0.07461979166666666 0.1275462962962963
1 0.6941510416666666 0.29538888888888887 0.025760416666666685 0.08903703703703705
1 0.7896354166666666 0.44005555555555553 0.16316666666666665 0.6892222222222222
1 0.8082812500000001 0.4373009259259259 0.10531250000000002 0.44558333333333333
0 0.8667708333333333 0.5000462962962963 0.12510416666666668 0.30194444444444446
1 0.18776041666666668 0.27301851851851855 0.025520833333333333 0.12229629629629628
1 0.21121874999999998 0.2739907407407407 0.024437500000000008 0.12053703703703704
1 0.21629947916666664 0.27708796296296295 0.018911458333333336 0.09558333333333335
1 0.3993307291666667 0.38349537037037046 0.07342187500000001 0.3611574074074075
1 0.46909895833333337 0.2808981481481482 0.017739583333333364 0.08727777777777777
1 0.4872447916666667 0.28303703703703703 0.016864583333333332 0.08411111111111114
1 0.5252552083333334 0.2697592592592593 0.01303124999999999 0.07159259259259258