1 0.041901041666666666 0.2685416666666666 0.08380208333333333 0.4025462962962963
1 0.5725677083333333 0.3208888888888889 0.08923958333333334 0.4897037037037037
1 0.9648828125000001 0.2541712962962963 0.006640625 0.0380462962962963
1 0.14433854166666665 0.28899074074074077 0.07986458333333334 0.36479629629629634
2 0.27795572916666667 0.306912037037037 0.05283854166666666 0.1748796296296296
1 0.2804140625 0.2732824074074074 0.03792187499999997 0.21269444444444446
1 0.06499479166666668 0.24866203703703704 0.07234375 0.3159722222222222
1 0.3435885416666667 0.23225462962962962 0.007135416666666631 0.04787962962962964
1 0.35234895833333335 0.23058333333333333 0.008635416666666628 0.0555
1 0.3885625 0.24287962962962964 0.019270833333333334 0.09074074074074075
1 0.4889114583333333 0.32810185185185187 0.09583333333333334 0.47472222222222227