1 0.6112369791666666 0.6496296296296297 0.14856770833333333 0.5751851851851852
1 0.6971458333333334 0.5958148148148148 0.03060416666666666 0.185962962962963
1 0.7525520833333333 0.6289027777777777 0.10822916666666664 0.4892314814814815
1 0.9362526041666667 0.6613287037037036 0.09728645833333331 0.5556759259259259
1 0.25567708333333333 0.445587962962963 0.03604166666666666 0.11863888888888884
1 0.2825546875 0.4756157407407407 0.04697395833333333 0.2700648148148148
1 0.30450520833333333 0.4674212962962963 0.03713541666666664 0.20608333333333337
1 0.32891927083333333 0.4895972222222222 0.04986979166666667 0.2658055555555555
1 0.37374739583333333 0.5160416666666667 0.056880208333333356 0.2690277777777778
1 0.3946354166666667 0.41854629629629625 0.013749999999999988 0.055685185185185226
1 0.4935625 0.42162037037037037 0.012979166666666705 0.0673148148148148
1 0.5045208333333334 0.42212037037037037 0.012416666666666683 0.06575925925925924