1 0.5735208333333333 0.32143518518518516 0.013895833333333366 0.07620370370370372
1 0.6052083333333333 0.33611111111111114 0.020833333333333332 0.09259259259259259
1 0.6278645833333333 0.3476851851851852 0.024479166666666666 0.11944444444444445
1 0.6831536458333335 0.3495648148148148 0.020046875000000006 0.11531481481481483
1 0.7339635416666667 0.428 0.0578125 0.2593703703703703
1 0.8236770833333333 0.4919861111111111 0.0722291666666667 0.34213888888888894
1 0.8450677083333334 0.47006944444444443 0.06367708333333333 0.33893518518518523
0 0.9544270833333334 0.38981481481481484 0.05364583333333333 0.07592592592592592
1 0.24484375 0.4890740740740741 0.08729166666666664 0.5453703703703704
1 0.33710416666666665 0.5748194444444445 0.10329166666666663 0.6490648148148148
1 0.47172395833333336 0.3332037037037037 0.020833333333333332 0.11388888888888889
1 0.5177473958333333 0.44813425925925926 0.0791927083333333 0.36021296296296296
1 0.49557291666666664 0.3292638888888889 0.021354166666666667 0.13443518518518519