1 0.11651041666666666 0.5 0.23302083333333332 1
1 0.6141458333333333 0.43027777777777776 0.029312499999999984 0.14388888888888887
1 0.6561223958333334 0.4265462962962963 0.035463541666666626 0.15912962962962965
1 0.7011979166666668 0.304324074074074 0.0068750000000000235 0.04024074074074072
1 0.7105598958333333 0.31278703703703703 0.007171874999999991 0.035166666666666686
1 0.7183802083333333 0.30951388888888887 0.0098020833333333 0.03478703703703703
1 0.7266432291666668 0.3106527777777778 0.006223958333333357 0.033638888888888926
1 0.7724427083333334 0.46657407407407403 0.0832395833333333 0.3461111111111111
1 0.3512057291666667 0.38561111111111107 0.05956770833333334 0.30340740740740735
1 0.37809895833333335 0.3765833333333333 0.042656249999999986 0.20405555555555555
1 0.4053125 0.36263425925925924 0.03770833333333332 0.2121388888888889
1 0.5309583333333333 0.3754398148148148 0.0520416666666667 0.16819444444444448
1 0.5442447916666667 0.3611898148148148 0.048177083333333336 0.1861388888888889