1 0.067140625 0.3146851851851852 0.021354166666666667 0.10555555555555556
0 0.659625 0.37580555555555556 0.08804166666666664 0.09838888888888889
1 0.7763229166666666 0.37356944444444445 0.03485416666666671 0.16841666666666666
1 0.124640625 0.31360185185185185 0.018114583333333333 0.08835185185185182
1 0.13895833333333335 0.31236111111111114 0.019270833333333334 0.09564814814814816
1 0.18857812499999999 0.321537037037037 0.028572916666666674 0.12488888888888888
1 0.20342187500000003 0.31023148148148144 0.018260416666666668 0.08953703703703703
1 0.21907812499999998 0.30802314814814813 0.015052083333333322 0.08123148148148145
1 0.22022916666666667 0.3247083333333333 0.011333333333333358 0.06045370370370367
1 0.2759921875 0.3566064814814815 0.039473958333333316 0.1462314814814815
1 0.041666666666666664 0.31949074074074074 0.017395833333333336 0.10324074074074074
3 0.3705572916666667 0.40405092592592595 0.060135416666666684 0.09263888888888884
1 0.3782421875 0.3855462962962963 0.05049479166666669 0.11335185185185187