1 0.5530989583333333 0.39217592592592593 0.06348958333333338 0.3028703703703704
1 0.7354166666666667 0.5699074074074074 0.16145833333333334 0.7675925925925926
1 0.70390625 0.4133888888888889 0.07135416666666666 0.3962962962962963
1 0.8075520833333333 0.2791666666666667 0.018229166666666668 0.0824074074074074
1 0.86484375 0.5825 0.12447916666666667 0.6187037037037038
1 0.859375 0.2861111111111111 0.017708333333333333 0.09259259259259259
1 0.17057291666666666 0.30995370370370373 0.0328125 0.20694444444444443
1 0.22158333333333333 0.30524999999999997 0.04635416666666667 0.19949999999999998
2 0.4977916666666667 0.609375 0.1499375 0.3664351851851852
1 0.50859375 0.44166666666666665 0.07552083333333333 0.3648148148148148
1 0.5122552083333333 0.39970370370370367 0.07864583333333333 0.29351851851851846