1 0.03138020833333333 0.5213564814814815 0.06276041666666667 0.38673148148148145
1 0.5372473958333333 0.2988472222222222 0.00883854166666668 0.0408240740740741
1 0.5708645833333333 0.3104027777777778 0.015249999999999986 0.07234259259259258
1 0.5896875 0.3186574074074074 0.01895833333333338 0.08361111111111112
1 0.6111145833333335 0.30995370370370373 0.01672916666666673 0.07490740740740738
1 0.6634140625 0.4696574074074074 0.1084843750000001 0.3143888888888889
3 0.6760234375 0.6106388888888888 0.11847395833333335 0.24724074074074073
1 0.6742161458333332 0.3 0.014588541666666661 0.07037037037037037
1 0.5741041666666666 0.5328472222222221 0.1758541666666666 0.36541666666666667
3 0.54859375 0.6665555555555556 0.11844791666666664 0.2641666666666666
1 0.5192682291666667 0.29971296296296296 0.010109375000000042 0.04390740740740737