0 0.071796875 0.6855555555555556 0.14255208333333333 0.547037037037037
0 0.07690104166666667 0.3314814814814815 0.03734375 0.10185185185185185
0 0.7618645833333333 0.4537731481481482 0.05702083333333334 0.19954629629629633
0 0.858828125 0.4741203703703703 0.10807291666666667 0.2493518518518519
0 0.9139583333333333 0.5459722222222222 0.16958333333333328 0.2987962962962963
0 0.12875 0.3335185185185185 0.03614583333333332 0.10333333333333336
0 0.22877083333333334 0.6900000000000001 0.1455625 0.5538888888888889
1 0.18458072916666665 0.34376388888888887 0.05259895833333334 0.11687962962962965
1 0.29448697916666666 0.33558333333333334 0.036442708333333344 0.12272222222222219
1 0.31167968749999997 0.3345185185185185 0.04572395833333338 0.12379629629629628
3 0.37673958333333335 0.7157685185185185 0.16416666666666668 0.3693148148148148
1 0.3163020833333333 0.3113888888888888 0.026875000000000013 0.15296296296296294
1 0.4767161458333334 0.310912037037037 0.01452604166666666 0.06089814814814819
1 0.49186718749999997 0.3134490740740741 0.014942708333333362 0.054601851851851825
1 0.5003333333333333 0.3105138888888889 0.008968750000000015 0.06199074074074073
1 0.5267317708333333 0.3125046296296296 0.012453124999999983 0.05976851851851848