1 0.5414322916666666 0.29516203703703703 0.026510416666666654 0.12263888888888888
1 0.573859375 0.3111064814814815 0.04353124999999996 0.1879722222222222
1 0.6125651041666667 0.31160185185185185 0.03570312500000009 0.18605555555555556
1 0.7019505208333333 0.2941481481481481 0.03255729166666666 0.07540740740740741
1 0.7299609375 0.31421296296296297 0.03132812499999993 0.0871296296296296
1 0.7516067708333334 0.2875462962962963 0.03636979166666663 0.11953703703703705
2 0.7702395833333334 0.3106759259259259 0.04360416666666668 0.08931481481481479
1 0.9266145833333332 0.37560648148148146 0.06364583333333336 0.3765648148148148
1 0.43045572916666663 0.28544907407407405 0.027005208333333346 0.1235462962962963
1 0.4457369791666667 0.2857453703703704 0.02092187499999998 0.11221296296296296
1 0.469015625 0.3495092592592593 0.04811458333333333 0.27690740740740744
1 0.48755208333333333 0.28983796296296294 0.019375000000000024 0.1321759259259259
1 0.5175807291666666 0.30949074074074073 0.04088020833333334 0.1837962962962963