1 0.5768046875 0.5738287037037038 0.035348958333333395 0.13012037037037036
1 0.20377343750000002 0.5592546296296296 0.021932291666666673 0.12558333333333332
1 0.23884375000000002 0.6478379629629629 0.05950000000000003 0.30080555555555555
1 0.32772395833333334 0.5567175925925926 0.01694791666666665 0.09415740740740745
1 0.35039583333333335 0.5503055555555556 0.01743750000000001 0.09327777777777779
1 0.38534375 0.5501851851851852 0.01275000000000001 0.06574074074074074
1 0.41237760416666663 0.5533611111111112 0.01122395833333331 0.08205555555555556
1 0.42194010416666666 0.5642361111111112 0.014536458333333375 0.0738981481481481
1 0.4299739583333333 0.5560787037037037 0.014281249999999978 0.09656481481481488
1 0.4427083333333333 0.5597222222222222 0.017708333333333333 0.09166666666666666
1 0.46391927083333334 0.5725972222222222 0.024244791666666644 0.13313888888888886
2 0.49336718749999997 0.5936203703703704 0.03201562500000001 0.10257407407407405
1 0.49094010416666667 0.569324074074074 0.024994791666666672 0.1332037037037036