1 0.10622916666666665 0.1994537037037037 0.06406249999999998 0.2833333333333333
1 0.14087760416666667 0.19453703703703704 0.06803645833333334 0.2446296296296296
1 0.16505208333333332 0.19355555555555556 0.03416666666666665 0.21196296296296296
1 0.19689843749999997 0.1854861111111111 0.051515625000000016 0.2371759259259259
1 0.23922135416666668 0.16293981481481484 0.03889062499999998 0.1828611111111111
1 0.2743125 0.1809074074074074 0.05033333333333333 0.19392592592592595
1 0.3636276041666667 0.14224074074074075 0.021390625000000028 0.1175925925925926
1 0.3794765625 0.13650925925925927 0.022921874999999994 0.12494444444444444
1 0.3991197916666666 0.1439675925925926 0.02446874999999995 0.11465740740740742
1 0.418421875 0.13696296296296298 0.025239583333333353 0.12366666666666667
1 0.46401562500000004 0.11896759259259261 0.012281250000000021 0.06484259259259259
1 0.47833333333333333 0.1220925925925926 0.016666666666666666 0.07340740740740741
1 0.4966770833333333 0.11575925925925927 0.012062500000000042 0.0645925925925926