1 0.061510416666666665 0.32939814814814816 0.017604166666666664 0.08842592592592592
1 0.5524479166666667 0.39767592592592593 0.04031250000000005 0.23390740740740737
1 0.07916666666666666 0.3263425925925926 0.015625 0.08787037037037035
1 0.16118229166666667 0.3337777777777778 0.012010416666666668 0.07855555555555553
1 0.17544270833333334 0.33095833333333335 0.016145833333333335 0.08697222222222217
1 0.18877864583333334 0.32810185185185187 0.011630208333333326 0.06637037037037037
1 0.20755208333333333 0.3449074074074074 0.0234375 0.1175925925925926
1 0.228125 0.34305555555555556 0.026041666666666668 0.1175925925925926
1 0.3162526041666666 0.3464351851851852 0.034786458333333374 0.12416666666666663
1 0.3249713541666666 0.3536157407407407 0.020473958333333365 0.10387962962962963
1 0.38866666666666666 0.34825925925925927 0.014020833333333371 0.08329629629629633
1 0.40732291666666665 0.3423425925925926 0.014208333333333378 0.08698148148148148
1 0.44108593749999997 0.39920833333333333 0.03855729166666665 0.21639814814814812
1 0.51178125 0.39838425925925924 0.033854166666666664 0.22582407407407412
1 0.5317500000000001 0.4248287037037037 0.04670833333333331 0.2746018518518519