1 0.15327083333333333 0.5763009259259259 0.09710416666666667 0.5168425925925927
3 0.22271875 0.8076851851851852 0.16747916666666668 0.3124074074074074
1 0.2591145833333333 0.6680555555555555 0.20885416666666667 0.44722222222222224
1 0.21993749999999998 0.5438425925925926 0.07760416666666667 0.4528333333333333
1 0.3375 0.4706018518518518 0.071875 0.3300925925925926
3 0.38510416666666664 0.6990231481481481 0.13062499999999996 0.31028703703703703
1 0.3854166666666667 0.6032407407407407 0.12395833333333334 0.4083333333333333
1 0.4055677083333334 0.4060462962962963 0.029489583333333336 0.15457407407407406
1 0.4403203125 0.43898148148148153 0.038734375 0.22981481481481486
1 0.46446875 0.36372685185185183 0.010958333333333315 0.050694444444444445
1 0.4799739583333333 0.36403703703703705 0.010447916666666697 0.055092592592592596