1 0.5572942708333334 0.07229629629629629 0.010942708333333329 0.0791111111111111
0 0.589296875 0.10833333333333334 0.05890624999999995 0.09407407407407409
1 0.5791119791666667 0.07094444444444445 0.018130208333333304 0.08903703703703704
1 0.9135364583333333 0.0779861111111111 0.019052083333333296 0.0675462962962963
1 0.9310885416666667 0.08334259259259258 0.023947916666666676 0.05942592592592592
2 0.2975364583333333 0.6700277777777779 0.22888541666666665 0.5760555555555557
1 0.030080729166666667 0.05394444444444444 0.012098958333333335 0.04538888888888889
1 0.038492187500000004 0.043453703703703696 0.018296874999999997 0.06061111111111111
1 0.3950677083333333 0.1962962962962963 0.033822916666666696 0.11481481481481481
1 0.4165833333333333 0.09252777777777778 0.022041666666666692 0.09661111111111112
1 0.454546875 0.06701388888888889 0.010802083333333339 0.07541666666666666
1 0.05531510416666666 0.05552777777777778 0.017411458333333338 0.04327777777777778
1 0.5013880208333333 0.06587962962962964 0.01576562499999999 0.08990740740740741