1 0.6106796875 0.36325 0.02655729166666667 0.12016666666666664
1 0.6592369791666667 0.4048611111111111 0.035588541666666744 0.18009259259259258
0 0.6647291666666667 0.4181759259259259 0.0392916666666667 0.08883333333333333
1 0.6787421874999999 0.36221296296296296 0.02397395833333332 0.1161296296296296
1 0.69921875 0.33611111111111114 0.022395833333333334 0.07592592592592592
1 0.8052604166666666 0.44517129629629626 0.05947916666666669 0.2846574074074074
1 0.8040859375 0.3370509259259259 0.020442708333333334 0.1198611111111111
1 0.16198437499999999 0.5181296296296296 0.09426041666666667 0.3061481481481481
1 0.12632031249999998 0.36557870370370377 0.014442708333333328 0.08987962962962963
1 0.02197135416666667 0.36557870370370377 0.017432291666666665 0.0845648148148148
1 0.1726067708333333 0.35935185185185187 0.01707812500000001 0.09777777777777774
2 0.222140625 0.536912037037037 0.10069791666666665 0.1950833333333334
0 0.25646875 0.38533796296296297 0.032875 0.06747222222222223
1 0.32210937500000003 0.42618055555555556 0.044947916666666705 0.19893518518518521
1 0.06535677083333333 0.4958194444444445 0.060953125000000004 0.29354629629629625
1 0.3818489583333333 0.4290138888888889 0.053281249999999974 0.23215740740740742
2 0.43359895833333334 0.4144351851851852 0.027395833333333286 0.07674074074074073
1 0.42934374999999997 0.411300925925926 0.01597916666666664 0.046120370370370374
1 0.4613671875 0.5107731481481481 0.06570312499999999 0.37882407407407415