1 0.5316822916666666 0.6324629629629629 0.01746874999999998 0.10618518518518513
1 0.5486692708333333 0.6409444444444444 0.02276562500000002 0.114037037037037
1 0.5588697916666666 0.7088935185185186 0.04114583333333333 0.2151759259259259
1 0.5840963541666667 0.6774675925925926 0.0390989583333333 0.20062037037037034
1 0.6386484375 0.7647870370370371 0.12739062499999995 0.47042592592592586
1 0.7633125 0.7925925925925926 0.11733333333333332 0.4148148148148148
1 0.12384895833333333 0.7587870370370371 0.07842708333333333 0.28983333333333333
2 0.2862161458333334 0.8148055555555556 0.07090104166666666 0.21224074074074076
1 0.27797135416666663 0.7058564814814815 0.04499479166666666 0.26106481481481475
1 0.3122552083333333 0.7180092592592593 0.052083333333333336 0.2490740740740741
1 0.34361458333333333 0.7262037037037037 0.04152083333333335 0.2537037037037037
1 0.3766692708333333 0.7167916666666666 0.033640625000000014 0.2443796296296297
1 0.50621875 0.7137546296296297 0.04479166666666667 0.22915740740740742
1 0.5139635416666667 0.6343518518518518 0.01605208333333336 0.09833333333333337