1 0.5291276041666666 0.4825694444444444 0.005619791666666707 0.03958333333333328
1 0.3185911458333333 0.5010185185185185 0.019692708333333364 0.1201851851851852
1 0.32759114583333326 0.5017685185185184 0.014109375000000016 0.1162222222222222
1 0.3646875 0.5084722222222222 0.025208333333333322 0.10694444444444444
1 0.3860364583333334 0.5027777777777778 0.022927083333333383 0.12740740740740739
1 0.42645833333333333 0.5962638888888889 0.0667708333333333 0.18543518518518518
3 0.4271614583333333 0.6531851851851852 0.062260416666666644 0.12662962962962973
1 0.08902864583333334 0.5707361111111111 0.09600520833333336 0.21815740740740747
1 0.4234322916666667 0.5102731481481482 0.02084374999999999 0.11573148148148149
1 0.45749999999999996 0.4897407407407408 0.009083333333333362 0.06725925925925924
3 0.4899192708333333 0.6370231481481482 0.06425520833333334 0.15097222222222217
1 0.49150260416666663 0.5854490740740742 0.05845312499999995 0.19021296296296292
1 0.469875 0.4902592592592593 0.01264583333333332 0.06892592592592597
1 0.5027916666666666 0.48416666666666663 0.01952083333333334 0.08499999999999996
1 0.5143541666666667 0.4891481481481481 0.011531249999999993 0.059222222222222204