1 0.5346718750000001 0.4081990740740741 0.016531250000000004 0.08399074074074073
1 0.5511822916666667 0.4177222222222222 0.02257291666666674 0.11400000000000006
1 0.5743515625000001 0.41657407407407404 0.020880208333333292 0.10537037037037038
1 0.8757786458333333 0.46287962962962964 0.06167187500000004 0.3125740740740741
1 0.26395833333333335 0.4348888888888888 0.024270833333333346 0.18651851851851853
1 0.30173177083333336 0.43389351851851854 0.033203125 0.1740648148148148
1 0.3346953125 0.4409351851851852 0.030088541666666656 0.18701851851851853
1 0.4140625 0.4138287037037037 0.015625 0.07586111111111106
1 0.44898958333333333 0.41439351851851847 0.02191666666666669 0.11602777777777779
1 0.47194270833333335 0.42128703703703707 0.02476041666666665 0.10390740740740743
1 0.50359375 0.41379166666666667 0.016666666666666666 0.09204629629629632