1 0.5315104166666667 0.34675925925925927 0.0140625 0.06388888888888888
1 0.5532291666666667 0.34444444444444444 0.021041666666666715 0.10185185185185185
1 0.57003125 0.3416666666666667 0.01420833333333332 0.06777777777777783
1 0.6009140625 0.44564351851851847 0.051296875000000006 0.2537129629629629
3 0.6111979166666667 0.47701388888888885 0.0662499999999999 0.12523148148148142
1 0.634671875 0.3398425925925926 0.01690625000000002 0.07790740740740745
1 0.12805989583333333 0.4264351851851852 0.05210937499999999 0.2176851851851852
1 0.16356249999999997 0.43555555555555553 0.05620833333333334 0.2322222222222222
1 0.20655989583333334 0.42701851851851846 0.045734375 0.2291111111111111
1 0.36050260416666663 0.34893981481481484 0.022744791666666646 0.11082407407407407
1 0.39505208333333336 0.4147685185185185 0.04114583333333333 0.2036111111111111
1 0.48164583333333333 0.3478148148148148 0.021291666666666664 0.10566666666666667
1 0.49351562499999996 0.357337962962963 0.01651041666666663 0.08365740740740743
1 0.5011041666666667 0.3491851851851852 0.01593749999999995 0.09077777777777775