1 0.004513020833333333 0.10692129629629629 0.009026041666666667 0.08449074074074074
2 0.5810182291666667 0.27473148148148147 0.0664947916666667 0.19746296296296292
1 0.5615052083333334 0.17139814814814816 0.024906249999999967 0.1223888888888889
1 0.5810208333333333 0.28624074074074074 0.03810416666666671 0.11864814814814814
1 0.06521614583333334 0.1229861111111111 0.016140625000000006 0.07558333333333332
1 0.5943359375 0.2127638888888889 0.052994791666666666 0.27632407407407406
1 0.29242708333333334 0.12399537037037037 0.009635416666666667 0.04810185185185184
1 0.30097395833333335 0.12419444444444444 0.007395833333333357 0.04716666666666666
1 0.3133854166666667 0.12575462962962963 0.007395833333333298 0.0448425925925926
1 0.05044531249999999 0.11209722222222222 0.014557291666666668 0.0717314814814815
1 0.5152421875 0.1471712962962963 0.019296874999999977 0.08412037037037037
1 0.5242109375 0.16758333333333333 0.02074479166666669 0.11038888888888888