0 0.13554166666666667 0.7294999999999999 0.27108333333333334 0.48103703703703693
3 0.39303125 0.6777407407407408 0.10584375000000001 0.20983333333333334
1 0.41579687499999995 0.5667083333333334 0.12609375 0.30582407407407414
0 0.37517187500000004 0.38616666666666666 0.019656250000000004 0.062018518518518535
1 0.41753385416666666 0.35726851851851854 0.007671875000000009 0.05011111111111111
1 0.4286770833333333 0.3566064814814815 0.008708333333333288 0.047749999999999994
1 0.43730729166666665 0.35923611111111114 0.007083333333333286 0.04302777777777775
1 0.45908333333333334 0.3565462962962963 0.010354166666666664 0.041574074074074055
3 0.5076328125 0.6601388888888889 0.09746354166666667 0.19899999999999995
1 0.5065572916666666 0.564125 0.0885416666666666 0.31584259259259256
1 0.4805885416666667 0.38028240740740743 0.022500000000000023 0.12832407407407406
1 0.5136458333333334 0.3791527777777778 0.02112500000000003 0.11771296296296296