1 0.56571875 0.4887453703703704 0.017208333333333315 0.08732407407407408
0 0.6806692708333333 0.5007499999999999 0.021057291666666582 0.06757407407407404
0 0.6966041666666667 0.4949074074074074 0.02939583333333336 0.075
1 0.8235234375 0.5621898148148148 0.06482812500000001 0.2485833333333333
2 0.8510364583333333 0.623412037037037 0.08917708333333323 0.18984259259259256
1 0.175 0.6460324074074073 0.10145833333333333 0.47441666666666665
1 0.4267265625 0.49240277777777774 0.02727604166666667 0.14575000000000002
1 0.45044270833333333 0.4930138888888888 0.03036458333333331 0.14045370370370364
1 0.47213541666666664 0.4881296296296297 0.0203125 0.10651851851851854
1 0.5052968750000001 0.48458333333333337 0.022739583333333317 0.10435185185185189
1 0.5162447916666667 0.4616203703703704 0.010812500000000055 0.056796296296296324
1 0.5236927083333334 0.46482407407407406 0.00912499999999999 0.052092592592592586