1 0.532421875 0.36247222222222225 0.014572916666666677 0.06346296296296298
1 0.5899036458333333 0.5456435185185184 0.11581770833333334 0.17723148148148152
1 0.5649557291666667 0.5273796296296296 0.054671875000000016 0.24153703703703705
1 0.5651562499999999 0.4388842592592593 0.03916666666666669 0.26278703703703704
3 0.6166666666666667 0.5393981481481481 0.14114583333333333 0.25879629629629625
1 0.590125 0.39729629629629626 0.019020833333333324 0.10114814814814815
1 0.6503541666666666 0.35647222222222225 0.020437500000000004 0.0855740740740741
1 0.7390520833333334 0.3465555555555555 0.0203125 0.10092592592592593
1 0.7576927083333334 0.34547222222222224 0.017739583333333305 0.09757407407407406
1 0.7696875 0.33718518518518514 0.015416666666666618 0.07340740740740744
1 0.8585104166666666 0.3300092592592592 0.02787499999999999 0.08664814814814813
1 0.8834010416666668 0.34503703703703703 0.03142708333333329 0.17825925925925926
1 0.12611979166666665 0.5365740740740741 0.07786458333333332 0.4083333333333333
1 0.9164999999999999 0.3488611111111111 0.044395833333333336 0.1630185185185185
1 0.17756770833333332 0.4599351851851852 0.03476041666666667 0.14661111111111108
1 0.19441927083333332 0.42975925925925923 0.020744791666666658 0.08622222222222223
1 0.20969270833333334 0.4396481481481482 0.01978125000000001 0.10977777777777778
1 0.28786458333333337 0.4146296296296296 0.015312499999999988 0.06814814814814817
1 0.3075833333333333 0.40437500000000004 0.012125000000000045 0.0647685185185185
1 0.3295911458333334 0.4278148148148148 0.023526041666666647 0.11307407407407408
1 0.35593749999999996 0.4256620370370371 0.02333333333333331 0.11200925925925928
1 0.37406510416666666 0.42450462962962965 0.02291145833333334 0.1058055555555556
1 0.43865364583333327 0.4819768518518518 0.04748437499999998 0.2654907407407407
1 0.5156640625 0.4300462962962963 0.03544270833333331 0.16898148148148154