1 0.5406119791666666 0.789800925925926 0.026588541666666642 0.1268796296296296
2 0.5825598958333333 0.824324074074074 0.036338541666666654 0.08283333333333337
1 0.59846875 0.8037222222222222 0.026187499999999985 0.14440740740740743
1 0.6278880208333334 0.8069583333333333 0.026932291666666684 0.1481203703703704
1 0.7908124999999999 0.8479537037037037 0.0296875 0.10092592592592593
0 0.8212499999999999 0.8873148148148148 0.043958333333333384 0.11722222222222224
1 0.8483932291666666 0.8459675925925926 0.018911458333333304 0.12202777777777775
1 0.26347135416666667 0.8447037037037036 0.040244791666666654 0.20207407407407407
1 0.29746875000000006 0.8229537037037037 0.0563125 0.2902037037037037
1 0.3655911458333333 0.7349166666666667 0.012151041666666688 0.07405555555555557
1 0.5020390625 0.7602407407407407 0.012901041666666658 0.0698888888888888