1 0.018880208333333332 0.3958842592592592 0.037760416666666664 0.3893425925925926
1 0.6357109375000001 0.36556481481481484 0.021286458333333275 0.1220185185185185
1 0.852171875 0.4616157407407407 0.04190625000000002 0.17213888888888892
1 0.03688541666666667 0.31334722222222217 0.04779166666666667 0.20330555555555554
1 0.14963541666666666 0.2877546296296296 0.03677083333333334 0.1654166666666667
2 0.22752604166666668 0.5873472222222222 0.10140625000000002 0.3751203703703704
1 0.19211979166666668 0.29981944444444447 0.030385416666666682 0.1635092592592593
1 0.22019791666666666 0.30283333333333334 0.024604166666666642 0.15933333333333335
1 0.3952838541666666 0.3060231481481481 0.00994270833333335 0.0481388888888889
1 0.49913541666666666 0.3327685185185185 0.017708333333333333 0.08796296296296297
1 0.5222239583333333 0.34318518518518515 0.015760416666666662 0.07437037037037036