1 0.5436145833333333 0.40327777777777774 0.012979166666666705 0.0651111111111111
1 0.6387864583333333 0.40224074074074073 0.01367708333333333 0.06977777777777779
1 0.654421875 0.41406481481481483 0.015531250000000085 0.04353703703703702
1 0.710546875 0.4625 0.05078125 0.26944444444444443
2 0.7851953125000001 0.6605601851851851 0.11650520833333336 0.3533240740740741
1 0.839859375 0.6413055555555556 0.1093020833333334 0.6073888888888889
1 0.34938020833333333 0.4145092592592593 0.017708333333333333 0.08611111111111111
1 0.36822916666666666 0.4411481481481482 0.03125 0.1620370370370371
1 0.39895833333333336 0.43226851851851855 0.03333333333333333 0.13120370370370374
1 0.43322916666666667 0.4434074074074074 0.027604166666666666 0.07299999999999998
1 0.47570833333333334 0.4653981481481481 0.045458333333333316 0.12346296296296294
1 0.49776562500000004 0.42470370370370364 0.018739583333333344 0.10577777777777773
1 0.5091510416666666 0.40493518518518523 0.011697916666666626 0.08327777777777777
1 0.5275 0.4173240740740741 0.017499999999999953 0.09516666666666669