1 0.5299973958333334 0.3803240740740741 0.010526041666666685 0.04953703703703704
3 0.5846666666666667 0.7468055555555555 0.11739583333333332 0.2622777777777778
1 0.60875 0.6239537037037037 0.14562499999999995 0.3511666666666667
1 0.5405364583333333 0.38069444444444445 0.007989583333333291 0.05027777777777779
1 0.5513125 0.40179166666666666 0.016125000000000018 0.0804907407407407
1 0.5711510416666667 0.4286574074074074 0.03530208333333332 0.14805555555555552
1 0.6067552083333333 0.4275462962962963 0.03128124999999997 0.14027777777777778
1 0.6316848958333333 0.43781944444444443 0.030588541666666677 0.16010185185185183
3 0.6814375 0.7214259259259259 0.11421874999999998 0.20305555555555552
1 0.6750651041666667 0.5891018518518518 0.09799479166666672 0.32383333333333336
1 0.5224635416666666 0.37860185185185186 0.009031249999999958 0.0455740740740741