1 0.5442708333333334 0.13379166666666667 0.014583333333333334 0.07649074074074075
1 0.5610442708333333 0.1323148148148148 0.014161458333333361 0.07648148148148147
1 0.8244921875000001 0.2708194444444444 0.07507812499999993 0.5276203703703704
1 0.9661171875000001 0.31287037037037035 0.06776562499999995 0.6257407407407407
1 0.24968749999999998 0.31807870370370367 0.06083333333333331 0.32310185185185186
1 0.3191015625 0.2333564814814815 0.07471354166666663 0.41662037037037036
1 0.3849453125 0.3083564814814815 0.07802604166666664 0.3184722222222222
1 0.4507109375 0.13439814814814816 0.017744791666666634 0.09842592592592593
1 0.49328645833333334 0.24333796296296298 0.03290625000000003 0.1590648148148148
1 0.4856770833333333 0.14289814814814814 0.0171875 0.09938888888888889
1 0.5077161458333334 0.17008333333333334 0.033317708333333286 0.18372222222222218