3 0.6119166666666668 0.7686203703703703 0.11847916666666655 0.22361111111111112
1 0.6060598958333334 0.6766574074074073 0.093234375 0.33116666666666666
1 0.6137838541666667 0.5555648148148148 0.06564062499999998 0.26153703703703707
0 0.8113776041666667 0.6279444444444445 0.12257812499999995 0.24392592592592588
1 0.2539296875 0.6347175925925925 0.14709895833333334 0.25728703703703704
0 0.30147916666666663 0.5632592592592593 0.04704166666666669 0.15255555555555556
1 0.39243489583333335 0.45839351851851856 0.014880208333333301 0.08797222222222227
1 0.4031901041666667 0.4660740740740741 0.008744791666666647 0.04051851851851851
1 0.4153932291666667 0.46816203703703707 0.010348958333333335 0.03765740740740747
1 0.4264114583333333 0.4538888888888889 0.013541666666666667 0.06259259259259262
3 0.49563541666666666 0.8042083333333334 0.11264583333333332 0.2503055555555556
1 0.5156875 0.6901203703703704 0.143875 0.34814814814814815