1 0.5483854166666667 0.2196759259259259 0.04364583333333331 0.20046296296296295
1 0.6256484375 0.1920787037037037 0.04536979166666662 0.2106574074074074
1 0.6670052083333334 0.11025925925925927 0.0203125 0.11666666666666668
1 0.68984375 0.175 0.0390625 0.21481481481481482
1 0.722875 0.16087962962962962 0.040625 0.1884259259259259
1 0.7671875 0.15333333333333332 0.041666666666666664 0.1862962962962963
0 0.9388932291666666 0.11022685185185184 0.05502604166666671 0.10862037037037035
1 0.26941927083333334 0.21000462962962962 0.027619791666666654 0.11017592592592594
1 0.3691770833333333 0.3574259259259259 0.04069791666666666 0.1283888888888889
2 0.37838541666666664 0.3560185185185185 0.05677083333333333 0.19722222222222222
1 0.3809895833333333 0.28935185185185186 0.0546875 0.275
1 0.50625 0.21949074074074076 0.041666666666666664 0.18157407407407408
1 0.5302083333333333 0.20787037037037037 0.028125 0.175