1 0.5446093750000001 0.4192592592592592 0.01469791666666668 0.0657962962962963
1 0.5564557291666666 0.41879629629629633 0.013838541666666752 0.0734814814814815
1 0.26485416666666667 0.515 0.0421875 0.1522222222222222
1 0.3362864583333333 0.4065648148148148 0.028645833333333332 0.11020370370370373
2 0.38275 0.6898101851851852 0.09377083333333332 0.3364907407407408
1 0.3617135416666667 0.40914814814814815 0.024697916666666705 0.10799999999999998
1 0.44501041666666663 0.41052777777777777 0.012895833333333329 0.07338888888888888
1 0.47335937499999997 0.4128935185185185 0.012031250000000012 0.06884259259259261
1 0.02014583333333333 0.3937777777777777 0.03033333333333333 0.1194814814814815
1 0.49903906249999996 0.4164907407407407 0.01314062500000001 0.06333333333333331
1 0.52178125 0.4192592592592592 0.012625000000000004 0.07133333333333335