0 0.06542447916666666 0.6766574074074073 0.13084895833333332 0.20312962962962963
1 0.5416197916666666 0.5104814814814814 0.013114583333333367 0.06755555555555548
1 0.5867005208333335 0.5102268518518518 0.01118229166666668 0.07491666666666669
1 0.6526770833333333 0.5016527777777778 0.014020833333333253 0.07928703703703703
1 0.7702369791666667 0.4963194444444444 0.010984375000000076 0.061250000000000034
0 0.919015625 0.5004953703703704 0.04029166666666673 0.053046296296296265
0 0.23519010416666666 0.5969861111111111 0.11909895833333331 0.1436203703703703
1 0.39453125 0.5663425925925927 0.049583333333333354 0.2612037037037037
1 0.47316406250000004 0.5071944444444444 0.015598958333333357 0.08301851851851855
2 0.5251041666666667 0.7603194444444444 0.08666666666666671 0.33658333333333335
1 0.494 0.5250185185185186 0.022416666666666647 0.12792592592592594