1 0.5445104166666667 0.3793703703703704 0.021354166666666667 0.10277777777777777
1 0.5579453125 0.38563425925925926 0.019630208333333243 0.10336111111111111
1 0.5680598958333334 0.38468518518518524 0.017734374999999976 0.09488888888888886
3 0.6355677083333333 0.8020231481481482 0.14315625000000007 0.3032314814814815
1 0.6588541666666666 0.6537962962962963 0.1875 0.42981481481481487
1 0.58203125 0.36950462962962966 0.018229166666666668 0.08413888888888889
1 0.5907187500000001 0.3887777777777778 0.017708333333333333 0.09429629629629632
1 0.6638020833333333 0.4449074074074074 0.058854166666666666 0.27685185185185185
3 0.7547083333333333 0.765449074074074 0.15610416666666668 0.2842870370370371
1 0.7457916666666667 0.6171296296296296 0.13541666666666666 0.44722222222222224
1 0.7203125 0.4551388888888889 0.04479166666666667 0.2528703703703704
1 0.528125 0.3933888888888889 0.030208333333333334 0.1382222222222222