1 0.5602604166666667 0.3919305555555555 0.01875 0.0889166666666667
1 0.5736901041666668 0.3884814814814815 0.022307291666666746 0.10044444444444446
1 0.5988098958333334 0.3897407407407408 0.028109375000000013 0.10277777777777777
1 0.628890625 0.3965416666666667 0.027083333333333334 0.10049074074074071
3 0.6854192708333334 0.4170185185185185 0.03754687499999996 0.06831481481481479
1 0.6908567708333334 0.4069537037037037 0.022140624999999994 0.07312962962962964
1 0.7332656249999999 0.41082407407407406 0.030031250000000044 0.11983333333333329
1 0.9502604166666667 0.42824074074074076 0.0359375 0.1361111111111111
1 0.36060416666666667 0.3859722222222222 0.01733333333333332 0.10953703703703704
1 0.41092708333333333 0.3881111111111111 0.01658333333333335 0.1150740740740741
1 0.4553958333333333 0.3865648148148148 0.016604166666666663 0.10835185185185184
1 0.4953125 0.3886574074074074 0.016666666666666666 0.07824074074074074
1 0.5193229166666666 0.3932407407407407 0.027187500000000024 0.09388888888888887