1 0.019140625 0.45666666666666667 0.03828125 0.2577777777777778
1 0.5804479166666667 0.515787037037037 0.060979166666666626 0.2575
1 0.6250833333333332 0.43598611111111113 0.017854166666666654 0.0724722222222222
1 0.6426380208333333 0.43743055555555554 0.014723958333333323 0.07513888888888887
1 0.6605677083333333 0.4446388888888889 0.0191770833333333 0.08590740740740743
1 0.6771692708333333 0.4489953703703704 0.021286458333333275 0.11071296296296301
1 0.7003541666666666 0.4729629629629629 0.028562499999999956 0.16018518518518512
1 0.7545703125000001 0.46229629629629626 0.025338541666666596 0.13170370370370366
1 0.09274999999999999 0.423337962962963 0.03575000000000001 0.16443518518518516
1 0.7872265625 0.462074074074074 0.02179687500000007 0.13325925925925927
1 0.8580911458333332 0.48973148148148143 0.05288020833333332 0.19979629629629628
1 0.8924192708333333 0.49441666666666667 0.04547395833333331 0.2017222222222222
1 0.143234375 0.408337962962963 0.016864583333333332 0.09573148148148147
1 0.18788802083333334 0.42263425925925924 0.02099479166666667 0.12213888888888887
1 0.20705729166666667 0.4103611111111111 0.018281250000000013 0.09298148148148144
1 0.24871354166666665 0.41429166666666667 0.017989583333333344 0.10697222222222219
1 0.26559374999999996 0.4179907407407408 0.016520833333333318 0.0992037037037037
1 0.2854635416666667 0.40658333333333335 0.013656250000000014 0.05942592592592593
1 0.31599479166666666 0.5658333333333333 0.07196874999999997 0.4316666666666667
1 0.34915625 0.42331481481481475 0.021895833333333316 0.10577777777777773
1 0.05221875 0.4509722222222222 0.035562500000000004 0.24453703703703705
1 0.38379166666666664 0.4520555555555556 0.02929166666666667 0.14533333333333337
1 0.4115859375 0.5669259259259259 0.07036979166666661 0.43300000000000005
1 0.4833177083333334 0.5039583333333334 0.05773958333333334 0.2868981481481482