1 0.6597447916666667 0.26439814814814816 0.011760416666666629 0.07324074074074076
1 0.6761796874999999 0.2615648148148148 0.01586979166666668 0.07705555555555559
1 0.7019401041666666 0.2654398148148148 0.014036458333333357 0.06115740740740739
1 0.7565104166666666 0.2564814814814815 0.013020833333333334 0.06296296296296296
1 0.8177864583333334 0.4738842592592592 0.11130208333333336 0.5796388888888889
1 0.9002890625 0.5 0.19942187500000005 1
2 0.1973828125 0.6550833333333334 0.19874479166666664 0.3837777777777778
1 0.4217421875 0.5383148148148148 0.20318229166666663 0.743925925925926
1 0.4865234375 0.2789629629629629 0.010203124999999957 0.06516666666666672
1 0.11994010416666664 0.540425925925926 0.1417864583333333 0.7463703703703705
1 0.5817187500000001 0.5355092592592593 0.17906249999999999 0.8376851851851852
1 0.5156901041666667 0.27950462962962963 0.01306770833333329 0.060694444444444454