1 0.55703125 0.29194444444444445 0.022395833333333334 0.13759259259259263
1 0.5918802083333332 0.31127777777777776 0.06019791666666675 0.253
1 0.6433020833333334 0.31427777777777777 0.040895833333333326 0.24255555555555552
1 0.6969166666666666 0.3357777777777778 0.03179166666666665 0.16714814814814813
1 0.72671875 0.31101851851851847 0.06489583333333329 0.3035185185185185
1 0.7704348958333334 0.30369444444444443 0.03975520833333342 0.2366851851851852
1 0.05291666666666666 0.3326388888888889 0.055833333333333325 0.3300925925925926
1 0.32679687500000004 0.2983796296296296 0.05567708333333332 0.2521296296296296
2 0.4083125 0.6579537037037037 0.14400000000000002 0.5450185185185186
1 0.3560598958333333 0.3204166666666666 0.027671875 0.13675925925925925
1 0.38907291666666666 0.28176851851851853 0.02539583333333333 0.15312962962962962
1 0.4564583333333333 0.26694444444444443 0.017083333333333308 0.08759259259259261
1 0.4780989583333334 0.30947222222222226 0.03203125 0.2442037037037037