1 0.5260026041666667 0.15558333333333332 0.006380208333333333 0.03494444444444445
1 0.5365416666666666 0.15385185185185185 0.0061979166666665956 0.03714814814814815
0 0.6048984374999999 0.17249537037037038 0.0371822916666666 0.05500925925925926
0 0.8342890625 0.3604814814814815 0.19475520833333337 0.2560740740740741
0 0.951953125 0.37987499999999996 0.09609375 0.2245092592592593
1 0.24574739583333335 0.18372222222222223 0.031734375 0.1660740740740741
1 0.274546875 0.18066203703703704 0.014447916666666671 0.05275
1 0.34541145833333337 0.17079629629629628 0.011572916666666622 0.0708148148148148
1 0.35402083333333334 0.1950324074074074 0.018489583333333334 0.055879629629629626
1 0.35911197916666665 0.16660185185185186 0.016671874999999996 0.06975925925925926
1 0.3839869791666667 0.1920925925925926 0.03629687500000003 0.17711111111111114
1 0.4008307291666667 0.19163888888888886 0.05979687499999997 0.18653703703703703
1 0.4526015625 0.18163425925925927 0.013963541666666638 0.07525000000000001
2 0.5830260416666666 0.6708472222222223 0.20255208333333327 0.5509722222222222
1 0.4911770833333333 0.1544074074074074 0.006291666666666688 0.04192592592592593
1 0.5181197916666667 0.1544814814814815 0.005489583333333314 0.038407407407407425