1 0.5479166666666667 0.3703796296296296 0.016666666666666666 0.08646296296296296
1 0.5647552083333333 0.3873333333333333 0.019447916666666624 0.10551851851851855
1 0.6049479166666667 0.39196296296296296 0.0171875 0.10496296296296298
1 0.6220520833333334 0.386087962962963 0.016000000000000014 0.09930555555555555
1 0.6309921875000001 0.38269907407407405 0.017911458333333387 0.09997222222222225
1 0.7465078125000001 0.38657407407407407 0.02635937499999995 0.11462962962962958
1 0.1855625 0.35510185185185184 0.024604166666666642 0.10275925925925927
1 0.26439843749999997 0.35677314814814814 0.020473958333333306 0.10737962962962966
1 0.3143125 0.36527777777777776 0.020645833333333325 0.10648148148148148
1 0.3809895833333333 0.35894907407407406 0.022395833333333334 0.10432407407407408
2 0.48328385416666664 0.3869444444444444 0.020578124999999996 0.05564814814814811
1 0.4813255208333333 0.367125 0.012661458333333304 0.08797222222222222
1 0.4830078125 0.3861759259259259 0.012692708333333276 0.0316296296296296
1 0.49530989583333335 0.3638703703703704 0.015203125000000029 0.0955925925925926
1 0.5058880208333333 0.3702268518518519 0.020828125000000006 0.11824999999999998