1 0.5578125 0.17967592592592593 0.06458333333333334 0.3426851851851852
1 0.6622083333333334 0.18703703703703703 0.06302083333333333 0.3037037037037037
1 0.7062395833333334 0.2329166666666667 0.10729166666666666 0.43796296296296294
1 0.7978515625 0.2421435185185185 0.09273437500000009 0.4305277777777778
1 0.14980989583333332 0.1973148148148148 0.08527604166666666 0.3946296296296296
1 0.18490104166666665 0.17199074074074075 0.07332291666666665 0.3439814814814815
1 0.21731770833333333 0.1192962962962963 0.025364583333333357 0.15085185185185188
1 0.24253645833333334 0.122 0.028781249999999994 0.13877777777777778
1 0.05178645833333333 0.20671296296296296 0.09788541666666667 0.4134259259259259
1 0.28733072916666663 0.14879166666666666 0.03940104166666666 0.1835277777777778
1 0.3105807291666667 0.12798611111111113 0.026859375000000026 0.14402777777777778
1 0.3824505208333333 0.17351851851851852 0.036453125 0.2137037037037037
1 0.39963541666666663 0.1749074074074074 0.05031250000000001 0.23500000000000001
1 0.4288932291666666 0.15955555555555556 0.028463541666666654 0.15514814814814815
1 0.47914322916666663 0.16440740740740745 0.06463020833333336 0.2954444444444445