2 0.605234375 0.759050925925926 0.14916666666666664 0.45313888888888887
1 0.5421380208333333 0.3555601851851852 0.014963541666666675 0.04573148148148147
1 0.5585677083333334 0.34425925925925926 0.018770833333333313 0.0698888888888889
1 0.5949895833333334 0.5303888888888889 0.0640625 0.38888888888888895
1 0.6701953125000001 0.6010416666666667 0.17190104166666664 0.7979166666666667
1 0.911125 0.3476944444444444 0.0234375 0.12777777777777777
1 0.25572395833333333 0.45010185185185186 0.05428125000000002 0.29516666666666663
1 0.07316406250000002 0.4398981481481482 0.09731770833333335 0.4240925925925926
1 0.3273307291666666 0.41865277777777776 0.07742187499999999 0.36250925925925925
1 0.35379687499999996 0.35355555555555557 0.019697916666666693 0.1128888888888889
1 0.4022890625 0.4551851851851852 0.055213541666666664 0.2770370370370371
1 0.43431770833333333 0.5299398148148149 0.10209375 0.3473425925925926
1 0.47072916666666664 0.4310185185185185 0.054895833333333324 0.26999999999999996
1 0.5050338541666667 0.5103611111111112 0.06816145833333327 0.37742592592592594