1 0.5445546875 0.373375 0.024015624999999947 0.10880555555555554
1 0.5643333333333334 0.39423148148148146 0.027687499999999924 0.1328333333333333
1 0.5922734374999999 0.40435648148148146 0.0477447916666667 0.19850925925925925
1 0.6654427083333334 0.44360185185185186 0.07671874999999997 0.4055740740740741
1 0.7458020833333333 0.4221990740740741 0.039645833333333276 0.2139351851851852
1 0.7635625 0.4174074074074074 0.031312499999999945 0.17537037037037034
1 0.7795703125000001 0.38185185185185183 0.02106770833333336 0.12851851851851853
1 0.7961901041666667 0.37549074074074074 0.031369791666666674 0.12938888888888883
1 0.8268333333333333 0.3730509259259259 0.0451875 0.15630555555555556
1 0.8898307291666666 0.4101944444444444 0.04929687499999993 0.15016666666666667
1 0.963625 0.4021064814814815 0.05889583333333341 0.26689814814814816
1 0.4408984375000001 0.4131990740740741 0.029244791666666655 0.15878703703703703
1 0.46961197916666664 0.40820370370370374 0.029005208333333362 0.1945185185185185
1 0.5071796875000001 0.3736435185185185 0.025223958333333307 0.11475