1 0.7534635416666667 0.5805555555555556 0.1484895833333334 0.4351851851851852
0 0.9319947916666665 0.8159814814814814 0.13601041666666672 0.36803703703703705
1 0.16402864583333335 0.29662037037037037 0.02319270833333332 0.11009259259259263
2 0.27116666666666667 0.674675925925926 0.15860416666666666 0.4936111111111111
1 0.3641848958333333 0.3103842592592593 0.013088541666666665 0.07404629629629626
1 0.3753072916666667 0.31666666666666665 0.012510416666666658 0.06925925925925921
1 0.38560677083333333 0.3192361111111111 0.012015624999999967 0.06597222222222222
1 0.4000546875 0.31489351851851854 0.01697395833333335 0.07632407407407409
1 0.41444531249999994 0.31895833333333334 0.014130208333333331 0.07375000000000004
1 0.4380703125 0.3225092592592593 0.015296875000000003 0.05446296296296301
0 0.5317578125 0.5629768518518519 0.15138020833333332 0.32182407407407404