1 0.5351145833333334 0.6175648148148148 0.016854166666666615 0.12042592592592588
1 0.5470677083333333 0.6167916666666666 0.016854166666666615 0.1032685185185185
1 0.5657604166666667 0.6226574074074074 0.022958333333333296 0.12246296296296295
1 0.5838984375 0.6410925925925925 0.02126562499999996 0.11837037037037029
1 0.5958489583333334 0.6336712962962963 0.023822916666666673 0.12932407407407415
1 0.17472916666666669 0.6592314814814815 0.061895833333333324 0.3000555555555555
1 0.26203125 0.7641388888888889 0.1219791666666667 0.47172222222222226
1 0.3856901041666667 0.7590972222222223 0.11007812500000001 0.4818055555555556
1 0.41678125 0.6189212962962962 0.021229166666666664 0.10339814814814811
1 0.4687421875 0.6133194444444444 0.01459895833333332 0.106324074074074
1 0.4784348958333334 0.6078287037037038 0.013963541666666638 0.10600925925925926
1 0.4957239583333333 0.6190416666666667 0.02698958333333336 0.13562037037037028
1 0.5133984375 0.6283333333333333 0.02216145833333331 0.1235185185185185