1 0.06796875 0.784324074074074 0.1359375 0.4313518518518519
1 0.5486197916666666 0.6144722222222222 0.04307291666666669 0.1925370370370371
0 0.5501406249999999 0.6733333333333333 0.04065624999999997 0.14092592592592587
1 0.5779505208333333 0.5745416666666666 0.012328125000000039 0.05887962962962955
1 0.5873098958333334 0.5863333333333334 0.013088541666666724 0.07307407407407414
3 0.7993229166666667 0.694787037037037 0.0624270833333334 0.12622222222222215
1 0.8046380208333335 0.6493055555555556 0.04114062500000001 0.18009259259259258
1 0.8382369791666666 0.6583194444444443 0.03498437500000004 0.2033611111111111
1 0.31220052083333333 0.6088703703703703 0.028932291666666703 0.13299999999999998
1 0.339578125 0.5685 0.012197916666666704 0.07225925925925923
1 0.42761979166666664 0.5862962962962963 0.019031249999999982 0.10722222222222229
1 0.4517447916666667 0.5761481481481482 0.013802083333333333 0.08437037037037037
1 0.4853723958333333 0.5665648148148148 0.017484375000000028 0.06594444444444447
1 0.4941979166666666 0.574050925925926 0.01608333333333333 0.06986111111111115