1 0.5396197916666666 0.41533333333333333 0.028822916666666684 0.1413703703703703
1 0.65503125 0.39875 0.025041666666666747 0.11009259259259263
1 0.72515625 0.405712962962963 0.016875000000000046 0.1280185185185185
1 0.834796875 0.5298657407407408 0.08113541666666665 0.34619444444444447
1 0.9658619791666666 0.7263888888888889 0.06827604166666662 0.5472222222222223
1 0.2651484375 0.37202314814814813 0.02553645833333335 0.10558333333333336
1 0.36046354166666666 0.37804629629629627 0.013427083333333319 0.09575925925925928
1 0.3739921875 0.38378240740740743 0.016598958333333337 0.09039814814814814
1 0.41270833333333334 0.45944444444444443 0.043124999999999976 0.2929629629629629
1 0.45353125 0.39576388888888886 0.022416666666666647 0.12402777777777776
1 0.46756510416666663 0.4545555555555555 0.04226562499999999 0.19977777777777772
1 0.4961145833333333 0.407787037037037 0.0265625 0.13703703703703699