1 0.09317968750000001 0.3902777777777778 0.06759895833333335 0.33796296296296297
1 0.7412604166666666 0.3962777777777778 0.06831249999999993 0.3522592592592593
1 0.7970208333333333 0.32092592592592595 0.06460416666666664 0.2585185185185185
1 0.8523255208333335 0.2992638888888889 0.035348958333333395 0.18795370370370368
1 0.1233828125 0.3800231481481481 0.075109375 0.37699074074074074
1 0.8788958333333333 0.304087962962963 0.04106250000000008 0.18867592592592594
1 0.9070572916666666 0.30801851851851847 0.03598958333333328 0.19914814814814813
1 0.9508880208333333 0.31648611111111113 0.04061979166666667 0.19276851851851848
1 0.9798385416666666 0.3135694444444444 0.0403229166666667 0.2152685185185185
1 0.18484114583333333 0.31063425925925925 0.03604687499999999 0.17780555555555555
1 0.22296354166666668 0.33018981481481485 0.040114583333333356 0.21443518518518517
1 0.2613151041666667 0.3100185185185185 0.04549479166666665 0.25162962962962965
1 0.31379427083333333 0.388875 0.10782812499999998 0.39262037037037034
1 0.36854427083333335 0.4047731481481482 0.06509895833333333 0.35193518518518524
1 0.4476145833333333 0.6324768518518519 0.20716666666666667 0.5041203703703703
3 0.44902864583333335 0.808125 0.20735937499999998 0.38375000000000004
1 0.42841145833333333 0.4589212962962963 0.08953124999999999 0.3082685185185185
1 0.46147135416666674 0.3240648148148148 0.016223958333333323 0.10724074074074073
1 0.4860416666666667 0.32127314814814817 0.018020833333333344 0.11004629629629627
1 0.5314296875 0.3409212962962963 0.046619791666666605 0.23278703703703701