1 0.5421119791666666 0.10471296296296297 0.01785937499999998 0.08650000000000002
1 0.5628020833333333 0.10558796296296295 0.016291666666666652 0.08878703703703703
1 0.6400286458333333 0.15224074074074076 0.035463541666666744 0.19311111111111112
1 0.05666145833333333 0.19972222222222222 0.09969791666666666 0.39944444444444444
1 0.1517994791666667 0.20204166666666667 0.08296354166666668 0.3618425925925926
1 0.2558359375 0.19540277777777781 0.11603645833333334 0.3662314814814815
1 0.3359270833333333 0.11222222222222222 0.039500000000000014 0.17962962962962964
1 0.3923203125 0.12345833333333331 0.021505208333333314 0.10993518518518518
1 0.407296875 0.12566666666666668 0.02269791666666663 0.11366666666666665
1 0.43953125 0.11395833333333333 0.01864583333333331 0.1048611111111111
1 0.46417708333333335 0.11835185185185185 0.020187499999999994 0.09181481481481482
1 0.4857942708333333 0.11130555555555556 0.023203124999999977 0.10387037037037038
1 0.5081041666666667 0.09284259259259259 0.012125000000000045 0.05709259259259259
1 0.5243723958333333 0.09252314814814815 0.012755208333333339 0.0689537037037037