1 0.5585885416666667 0.4546666666666666 0.014177083333333229 0.08974074074074076
0 0.6745130208333333 0.7853796296296297 0.23392187500000006 0.4012407407407409
1 0.574296875 0.45192129629629635 0.01963541666666669 0.08819444444444449
1 0.6541093749999999 0.4911851851851852 0.029489583333333395 0.15374074074074076
1 0.7274739583333333 0.4998055555555555 0.03817708333333343 0.19501851851851854
1 0.8434817708333334 0.5131481481481482 0.07209895833333337 0.2840740740740741
1 0.09994791666666666 0.45530092592592597 0.030729166666666665 0.09032407407407408
1 0.224578125 0.5410277777777778 0.05751041666666665 0.2949814814814815
0 0.3401510416666666 0.5880324074074075 0.07959375000000003 0.20023148148148148
0 0.403359375 0.5724398148148148 0.08640624999999999 0.1767314814814815
1 0.5262994791666666 0.46458333333333335 0.021359374999999996 0.09953703703703703