3 0.6107265625 0.5809212962962963 0.11313020833333336 0.1629722222222222
1 0.6078281249999999 0.5248935185185185 0.09184375000000007 0.2120648148148148
1 0.6391640625 0.47488425925925926 0.01865104166666664 0.11726851851851855
1 0.7069114583333334 0.475337962962963 0.047322916666666735 0.1643240740740741
1 0.3112161458333333 0.442412037037037 0.01704687500000001 0.043879629629629616
1 0.3252291666666667 0.4255601851851852 0.021729166666666622 0.08128703703703706
1 0.3501614583333333 0.47469444444444453 0.04165624999999995 0.1778333333333334
1 0.3872135416666667 0.4164259259259259 0.007343750000000012 0.03659259259259257
1 0.42964062500000005 0.4235185185185185 0.008114583333333354 0.042407407407407414
1 0.43770052083333333 0.42287962962962966 0.00845312500000001 0.04331481481481484
3 0.53409375 0.5791064814814815 0.08535416666666672 0.12715740740740744
1 0.5441640625 0.5280138888888889 0.08813020833333335 0.18045370370370376