1 0.5537135416666668 0.3481296296296296 0.032364583333333384 0.16651851851851848
1 0.6067916666666666 0.3401898148148148 0.01672916666666661 0.08517592592592588
1 0.6428203125 0.3891296296296296 0.04040104166666663 0.1837777777777778
1 0.11930729166666666 0.5246944444444444 0.10846874999999999 0.1635740740740741
1 0.10788541666666666 0.40804629629629624 0.08547916666666668 0.3809444444444444
2 0.12888020833333333 0.5607361111111111 0.12140625 0.3396388888888889
1 0.7177473958333332 0.3988287037037037 0.06148437499999997 0.33271296296296293
1 0.7688229166666667 0.3972361111111111 0.06277083333333332 0.30145370370370367
0 0.8543177083333333 0.39531944444444445 0.09878124999999992 0.10380555555555557
1 0.16462760416666666 0.43025462962962957 0.08324479166666668 0.4513425925925926
1 0.16484114583333334 0.3894166666666667 0.05447395833333335 0.20024074074074077
1 0.028593750000000005 0.28588888888888886 0.023437500000000003 0.10192592592592593
1 0.2702994791666667 0.3138888888888889 0.02033854166666667 0.09648148148148153
1 0.05684895833333334 0.2893796296296296 0.029947916666666668 0.07401851851851851