1 0.009325520833333331 0.158625 0.017453125 0.1870833333333333
1 0.6190468750000001 0.1630509259259259 0.02570833333333328 0.17082407407407404
1 0.6374869791666666 0.1708101851851852 0.039817708333333354 0.17800925925925928
2 0.6695052083333333 0.204625 0.05640624999999998 0.11202777777777778
0 0.16935937499999998 0.16143981481481484 0.02315624999999999 0.07600925925925926
1 0.2760442708333333 0.1539814814814815 0.017286458333333362 0.0925925925925926
1 0.29514322916666663 0.14157407407407407 0.011692708333333298 0.06309259259259259
1 0.30300520833333333 0.14459259259259258 0.01423958333333335 0.062333333333333324
1 0.33053645833333334 0.13421296296296295 0.015625 0.07870370370370369
1 0.34813541666666664 0.14425 0.018229166666666668 0.10555555555555554
1 0.36386979166666666 0.1397037037037037 0.02048958333333329 0.11244444444444444