1 0.5607447916666667 0.35557407407407404 0.013406250000000005 0.05977777777777778
1 0.5808567708333333 0.37018055555555557 0.019223958333333378 0.10000925925925926
1 0.6022942708333333 0.39443055555555556 0.0324947916666666 0.14687962962962964
1 0.6052109375000001 0.36175 0.0170781250000001 0.08298148148148149
2 0.6509765625 0.4837268518518518 0.0599218750000001 0.17995370370370373
1 0.6623229166666665 0.45781018518518524 0.05639583333333332 0.2690092592592593
1 0.806640625 0.43133796296296295 0.04328124999999995 0.11010185185185183
1 0.98165625 0.4579259259259259 0.036687500000000026 0.374074074074074
0 0.1767369791666667 0.5637268518518519 0.13850520833333332 0.3445833333333333
1 0.42239322916666666 0.3594814814814815 0.02396354166666666 0.12548148148148147
1 0.4593776041666667 0.40625 0.04009895833333334 0.18194444444444444
1 0.5168515625 0.36902314814814813 0.01890104166666665 0.10399074074074074