2 0.7206822916666666 0.6360972222222222 0.10394791666666663 0.24854629629629635
1 0.6933333333333332 0.4785277777777777 0.03968750000000002 0.21720370370370373
1 0.7513541666666667 0.483587962962963 0.02937499999999993 0.15356481481481485
1 0.7872447916666666 0.5642731481481481 0.08634375000000011 0.4614537037037037
1 0.25398177083333334 0.5342175925925926 0.07318229166666666 0.4048981481481482
1 0.3299479166666667 0.5388703703703703 0.0859375 0.394111111111111
1 0.386484375 0.38405555555555554 0.014218750000000035 0.06892592592592592
1 0.41692708333333334 0.38342592592592595 0.016354166666666715 0.07222222222222222
1 0.4325546875 0.41988425925925926 0.02017187500000001 0.08689814814814811
1 0.4816067708333333 0.3989490740740741 0.01824479166666671 0.08395370370370372
1 0.5039869791666667 0.3805601851851852 0.01140104166666666 0.06536111111111113