0 0.605390625 0.3900462962962963 0.11328125 0.1597222222222222
2 0.5797942708333333 0.3161527777777778 0.029692708333333328 0.06323148148148144
1 0.61 0.3542268518518519 0.057291666666666664 0.20284259259259263
1 0.6 0.30004629629629626 0.023541666666666572 0.09138888888888888
1 0.6311354166666667 0.3032361111111111 0.022000000000000006 0.09056481481481482
1 0.6598359375 0.31354166666666666 0.013296875000000104 0.06897222222222223
1 0.6906380208333334 0.3813425925925926 0.07341145833333336 0.3358333333333334
1 0.14055208333333333 0.3237685185185185 0.019312499999999993 0.08912962962962963
1 0.19196875000000002 0.3275046296296297 0.023874999999999987 0.08258333333333333
1 0.2009453125 0.32874999999999993 0.02321354166666669 0.09657407407407409
1 0.247796875 0.32569444444444445 0.02294791666666667 0.09768518518518518
0 0.2855989583333333 0.3825277777777778 0.04203125000000003 0.12253703703703707
1 0.2872838541666667 0.3372824074074074 0.04293229166666664 0.16562037037037036
3 0.39276041666666667 0.4152361111111111 0.07760416666666667 0.19825
1 0.433828125 0.3078240740740741 0.018593749999999964 0.07953703703703702