1 0.6075364583333333 0.41971759259259256 0.05142708333333334 0.26056481481481486
1 0.12837239583333332 0.4154583333333334 0.068984375 0.22852777777777777
1 0.18553906250000002 0.42766666666666664 0.05570312499999999 0.21338888888888893
1 0.203984375 0.4257685185185185 0.04744791666666665 0.22235185185185183
1 0.2572421875 0.3542314814814815 0.02468229166666669 0.10264814814814816
1 0.36540625 0.4459074074074074 0.0654375 0.24670370370370365
1 0.37334375000000003 0.4040092592592593 0.03345833333333334 0.17105555555555563
1 0.44103125 0.48577777777777775 0.031124999999999996 0.2125185185185185
1 0.4699453125 0.44668981481481485 0.05103645833333334 0.2631018518518518
1 0.5206171875 0.4101944444444444 0.03003645833333337 0.17405555555555557
1 0.5445572916666667 0.4260925925925925 0.050156250000000034 0.24651851851851847