1 0.10692708333333334 0.67875 0.21385416666666668 0.6361111111111111
2 0.136453125 0.7256620370370369 0.16407291666666665 0.4829907407407407
0 0.5785364583333333 0.42851388888888886 0.0269895833333333 0.0698240740740741
1 0.5789895833333334 0.39885185185185185 0.025520833333333333 0.0915925925925926
1 0.599453125 0.41868055555555556 0.023177083333333334 0.12004629629629628
1 0.6242057291666666 0.42106481481481484 0.024609375 0.1206481481481481
1 0.6487760416666667 0.40324074074074073 0.024427083333333263 0.11870370370370374
1 0.6579609375 0.43364351851851857 0.020401041666666585 0.11252777777777781
1 0.6664192708333334 0.37910185185185186 0.023307291666666667 0.06264814814814812
1 0.7004010416666666 0.4212314814814815 0.023989583333333304 0.12883333333333333
1 0.7959765625 0.6485648148148149 0.1315885416666666 0.7028703703703704
1 0.869875 0.6261481481481481 0.1503541666666667 0.7477037037037036
1 0.3646041666666667 0.6743009259259259 0.11756250000000001 0.6513981481481481