1 0.6314661458333333 0.459337962962963 0.016546874999999992 0.09799074074074073
0 0.8386145833333333 0.6504537037037037 0.12204166666666663 0.25261111111111106
1 0.8342552083333333 0.48676851851851854 0.03125 0.15000000000000005
0 0.9231171875 0.637925925925926 0.15376562500000002 0.23859259259259255
1 0.9337161458333334 0.44531018518518517 0.016838541666666748 0.08086111111111115
1 0.958828125 0.46293981481481483 0.016718749999999952 0.09152777777777775
1 0.20080468749999997 0.4883240740740741 0.03224479166666668 0.16205555555555554
1 0.230484375 0.5072268518518519 0.03757291666666669 0.18776851851851853
1 0.26496875000000003 0.4855509259259259 0.02735416666666666 0.11630555555555562
1 0.31660937499999997 0.5125740740740741 0.043447916666666704 0.2083703703703704
1 0.350328125 0.5108935185185185 0.04194791666666665 0.17636111111111114
1 0.37699999999999995 0.4603888888888889 0.012666666666666692 0.06885185185185182
1 0.43832031250000003 0.5549120370370371 0.06898437499999996 0.2559166666666667