0 0.7641510416666667 0.8181064814814816 0.36878124999999995 0.363787037037037
1 0.24563020833333335 0.41584722222222226 0.01644791666666666 0.08349074074074075
1 0.02658333333333333 0.42983333333333335 0.04589583333333333 0.1562592592592593
1 0.34052083333333333 0.438912037037037 0.013749999999999988 0.07495370370370369
1 0.35642708333333334 0.4435509259259259 0.01693749999999999 0.07678703703703704
1 0.3803125 0.4246342592592593 0.0076874999999999956 0.04250925925925928
1 0.39435416666666673 0.4314351851851852 0.008270833333333331 0.04435185185185183
1 0.4249244791666667 0.4320833333333333 0.015567708333333326 0.06027777777777775
1 0.43162239583333334 0.4504537037037037 0.015505208333333324 0.0746481481481481
0 0.5118671875 0.6495000000000001 0.17459895833333341 0.18511111111111106
1 0.45753645833333334 0.4547361111111111 0.011906250000000007 0.07312037037037039
1 0.5237083333333333 0.6263240740740741 0.07436458333333337 0.1868703703703704