1 0.5441979166666667 0.43184259259259256 0.011916666666666605 0.07242592592592595
1 0.6694088541666667 0.44608796296296294 0.01889062499999999 0.1076388888888889
1 0.6958776041666667 0.4531574074074074 0.02720312500000001 0.14257407407407405
2 0.3847109375 0.462625 0.020994791666666637 0.05845370370370375
1 0.38197135416666667 0.45919907407407407 0.011557291666666695 0.036509259259259214
1 0.4395026041666667 0.47733333333333333 0.02432812500000002 0.14329629629629628
1 0.4512734375 0.45613888888888887 0.016109374999999974 0.09161111111111112
1 0.4790625 0.4773101851851852 0.034895833333333334 0.14575000000000002
1 0.487984375 0.43471296296296297 0.012791666666666698 0.06012962962962963
0 0.5211041666666667 0.4816527777777778 0.0234375 0.06947222222222225
1 0.52159375 0.4573055555555555 0.02191666666666669 0.09372222222222225