0 0.5740182291666667 0.4242546296296296 0.03488020833333323 0.11630555555555556
0 0.7036458333333333 0.5601851851851852 0.09479166666666666 0.3314814814814815
1 0.22172395833333336 0.35791203703703706 0.036343750000000015 0.15973148148148147
1 0.2931328125 0.40447222222222223 0.05269270833333331 0.307537037037037
3 0.33727343750000005 0.6801342592592593 0.13159895833333332 0.28832407407407407
1 0.37534375 0.5537037037037037 0.175 0.3888888888888889
1 0.4075208333333334 0.34397222222222223 0.018229166666666668 0.09444444444444444
1 0.45364583333333336 0.5089351851851852 0.11041666666666666 0.3493518518518518
3 0.46510416666666665 0.6291574074074074 0.10750000000000005 0.2183518518518518
1 0.42526041666666664 0.35821296296296296 0.0234375 0.12685185185185185
1 0.44254166666666667 0.33090740740740743 0.013156249999999996 0.06733333333333336
1 0.45255729166666664 0.33134259259259263 0.010927083333333342 0.06601851851851853