1 0.5832187500000001 0.5044953703703704 0.04360416666666668 0.1659351851851852
1 0.5970520833333333 0.5027268518518518 0.03412499999999999 0.19713888888888886
1 0.77890625 0.4898148148148148 0.033854166666666664 0.17592592592592593
1 0.8723463541666666 0.5115879629629629 0.09384895833333336 0.2620092592592593
1 0.9341145833333333 0.45787037037037037 0.0171875 0.0824074074074074
1 0.173984375 0.46694444444444444 0.04588541666666668 0.19314814814814818
1 0.4278984375 0.5006157407407407 0.044932291666666714 0.17636111111111108
0 0.435953125 0.5244398148148148 0.027531250000000007 0.10789814814814812
1 0.46499999999999997 0.5351388888888889 0.06687499999999999 0.1536111111111111
3 0.48516666666666663 0.5595787037037038 0.06834375000000001 0.1246759259259259
1 0.5211979166666666 0.5175416666666666 0.06291666666666665 0.19343518518518515