1 0.5555729166666666 0.08930555555555554 0.0109375 0.05861111111111111
0 0.6232552083333334 0.14351851851851852 0.03411458333333333 0.06296296296296296
1 0.6444609375 0.1414675925925926 0.01963020833333336 0.0757685185185185
1 0.6685182291666666 0.1395324074074074 0.021401041666666624 0.08186111111111112
1 0.6887500000000001 0.13999999999999999 0.02354166666666669 0.08
1 0.878125 0.18143518518518517 0.034375 0.1297222222222222
1 0.8939322916666667 0.19208333333333333 0.04901041666666674 0.1275
1 0.9469010416666667 0.1437037037037037 0.02401041666666662 0.09851851851851852
2 0.3929947916666666 0.6825925925925926 0.21223958333333334 0.5637037037037037
1 0.4256510416666667 0.09371296296296297 0.020885416666666618 0.09424074074074074
1 0.5140104166666667 0.09523148148148147 0.015625 0.06916666666666665