1 0.5382057291666666 0.4151759259259259 0.029317708333333314 0.14501851851851857
1 0.5629166666666666 0.4558194444444444 0.03937499999999995 0.24762037037037038
1 0.6161718749999999 0.45662037037037034 0.04067708333333329 0.25157407407407406
1 0.668390625 0.3867222222222222 0.018739583333333344 0.08470370370370367
1 0.6793229166666667 0.387037037037037 0.02322916666666662 0.11481481481481481
1 0.6940390625 0.3723611111111111 0.014421875000000028 0.07898148148148149
1 0.7227421875 0.3733240740740741 0.015244791666666656 0.07705555555555559
1 0.7363750000000001 0.3748518518518519 0.013916666666666681 0.07381481481481479
1 0.7588723958333332 0.3668888888888889 0.0140260416666667 0.06881481481481481
2 0.8075364583333333 0.6475601851851852 0.10440625000000002 0.34636111111111106
1 0.7895442708333335 0.4592731481481481 0.04841145833333336 0.23237962962962966
1 0.823703125 0.4029074074074074 0.028843750000000057 0.12400000000000001
1 0.9193177083333334 0.39172685185185185 0.026260416666666585 0.12932407407407404
1 0.9402500000000001 0.4270509259259259 0.05481250000000001 0.22719444444444445
1 0.9773697916666666 0.43076851851851855 0.04526041666666671 0.21327777777777776
1 0.23585416666666667 0.4853518518518518 0.08245833333333333 0.35133333333333333
1 0.47015625 0.4026898148148148 0.019479166666666655 0.1198055555555556
1 0.5185937500000001 0.4049537037037037 0.030208333333333334 0.1449074074074074