1 0.5344609375 0.3386203703703704 0.014619791666666692 0.07850000000000003
3 0.5895520833333333 0.6738009259259259 0.12141666666666667 0.31054629629629626
1 0.5880989583333334 0.5606481481481481 0.1084895833333333 0.36203703703703705
1 0.5499531249999999 0.34091666666666665 0.0151979166666667 0.07742592592592593
1 0.5719791666666666 0.33555555555555555 0.013645833333333357 0.07592592592592592
1 0.6763463541666667 0.38519907407407405 0.04907812500000001 0.21756481481481485
1 0.856 0.3748194444444445 0.03185416666666659 0.22850925925925927
1 0.23202604166666668 0.5981296296296297 0.11084374999999999 0.6324444444444444
3 0.2533828125 0.7115277777777779 0.135421875 0.25546296296296295
1 0.3711822916666667 0.3719675925925926 0.03273958333333334 0.1964351851851852
1 0.418578125 0.3759398148148148 0.033052083333333294 0.18978703703703706
1 0.46559114583333333 0.3592592592592593 0.022359374999999973 0.11296296296296296
1 0.5263463541666666 0.35605555555555557 0.024911458333333355 0.13251851851851854