1 0.5449609375000001 0.38842592592592595 0.033203125 0.17314814814814813
1 0.5727916666666667 0.3974537037037037 0.02902083333333323 0.15731481481481485
1 0.5858098958333334 0.4048148148148148 0.033682291666666586 0.15890740740740741
2 0.40897916666666667 0.40393981481481483 0.027854166666666676 0.08471296296296298
1 0.41425 0.37150925925925926 0.02212500000000001 0.1155
1 0.42746875 0.3591064814814815 0.015374999999999991 0.086787037037037
1 0.44753906250000003 0.3583472222222222 0.017109375000000013 0.08071296296296297
1 0.46190625 0.35988425925925926 0.015354166666666676 0.0798611111111111
1 0.4939088541666667 0.37275462962962963 0.02801562500000004 0.09800925925925928
1 0.5154453125 0.3864768518518518 0.03538020833333331 0.16482407407407407
1 0.5266692708333334 0.3948379629629629 0.031984375000000044 0.14069444444444443