1 0.5374348958333334 0.4418287037037037 0.017734375000000035 0.07041666666666672
1 0.17934895833333334 0.46142592592592596 0.028281250000000004 0.17251851851851852
3 0.33363281250000004 0.6785972222222222 0.083140625 0.171675925925926
1 0.3519895833333333 0.6069444444444444 0.11091666666666662 0.24000000000000005
1 0.31587239583333326 0.4442731481481481 0.017526041666666655 0.10089814814814813
1 0.3291015625 0.4431481481481481 0.01314062500000001 0.06611111111111109
1 0.38323437499999996 0.4504722222222222 0.01821874999999995 0.10090740740740742
3 0.42142447916666664 0.6492222222222223 0.07384895833333331 0.1551481481481482
1 0.42064843749999997 0.5661342592592592 0.06713020833333333 0.22217592592592592
1 0.3988072916666667 0.4492361111111111 0.020510416666666663 0.10152777777777776
1 0.41140625 0.4431203703703704 0.013145833333333337 0.07655555555555552