1 0.09252343749999999 0.5082824074074074 0.05943229166666666 0.23213888888888887
0 0.9342161458333335 0.8013935185185185 0.13156770833333328 0.29184259259259265
1 0.20479427083333335 0.5278981481481482 0.04364062500000001 0.24827777777777782
0 0.27436197916666666 0.5485972222222222 0.111953125 0.11334259259259268
1 0.2668255208333334 0.5066481481481481 0.03311979166666668 0.1761481481481481
1 0.4041927083333333 0.47547685185185184 0.03640624999999999 0.16478703703703707
1 0.4361536458333333 0.47800462962962964 0.02883854166666667 0.18639814814814815
1 0.46000520833333336 0.4707777777777778 0.031447916666666666 0.13807407407407407
0 0.11192187499999999 0.5493796296296297 0.13021875 0.12383333333333334
2 0.4893854166666667 0.49737037037037035 0.028104166666666687 0.10525925925925926
1 0.4909739583333333 0.4663425925925926 0.02669791666666666 0.14342592592592596