1 0.6555729166666666 0.20788425925925927 0.14781249999999999 0.4038611111111111
1 0.6113463541666666 0.10224537037037036 0.0148072916666667 0.07828703703703702
1 0.6805989583333333 0.21430555555555555 0.15265624999999997 0.41009259259259256
1 0.6475104166666666 0.11177777777777778 0.027895833333333304 0.1431111111111111
1 0.7834114583333334 0.13556944444444444 0.04296875 0.1764537037037037
1 0.93534375 0.2459722222222222 0.1293125 0.4919444444444444
1 0.36101822916666665 0.1426851851851852 0.054734375000000016 0.2853703703703704
1 0.39132552083333333 0.11291203703703703 0.020578124999999996 0.10825
1 0.4140130208333333 0.1119537037037037 0.027494791666666647 0.1559074074074074
1 0.442359375 0.14472222222222222 0.0421875 0.28944444444444445
1 0.476015625 0.14421296296296296 0.05317708333333335 0.2884259259259259
1 0.5040677083333333 0.1130462962962963 0.025197916666666664 0.15316666666666667
1 0.5214479166666667 0.10772685185185185 0.016166666666666708 0.07287962962962963