0 0.035481770833333336 0.5478518518518518 0.07096354166666667 0.17061111111111105
1 0.5591848958333333 0.3975972222222222 0.018296875000000056 0.06887962962962967
1 0.61334375 0.4000138888888889 0.014583333333333334 0.07571296296296294
1 0.628484375 0.4053657407407407 0.01282291666666661 0.06130555555555554
0 0.7923489583333333 0.4898472222222222 0.0480104166666667 0.11567592592592593
0 0.8369635416666665 0.49465740740740743 0.061072916666666664 0.11716666666666668
1 0.9169609375000001 0.5499398148148148 0.10430729166666666 0.4080833333333333
1 0.19895833333333332 0.5600925925925926 0.05416666666666667 0.2183333333333333
1 0.275328125 0.5621759259259259 0.06197916666666667 0.26509259259259255
1 0.2909375 0.4218194444444444 0.022500000000000023 0.1124722222222222
1 0.3361692708333333 0.513425925925926 0.08078645833333334 0.35833333333333334
2 0.36833333333333335 0.5556388888888889 0.07895833333333334 0.21464814814814814
1 0.4735989583333333 0.397375 0.011031249999999973 0.07784259259259259
1 0.48508854166666665 0.40034722222222224 0.013572916666666638 0.07560185185185184