1 0.5355520833333334 0.39897222222222223 0.012333333333333307 0.04501851851851852
1 0.5816302083333333 0.3987222222222222 0.0125729166666666 0.06514814814814816
1 0.7295885416666666 0.3954398148148148 0.015822916666666725 0.0665277777777778
1 0.7423671875 0.3979259259259259 0.017765625000000066 0.06655555555555555
1 0.7753046875 0.4066342592592592 0.021401041666666742 0.07425
1 0.9872656249999999 0.42162962962962963 0.025468750000000047 0.13581481481481486
1 0.3033854166666667 0.3875 0.011979166666666667 0.05092592592592592
1 0.3451171875 0.38452314814814814 0.010703124999999977 0.05873148148148149
1 0.372609375 0.37802777777777774 0.011031249999999973 0.053574074074074086
1 0.4751588541666667 0.38187037037037036 0.013223958333333325 0.05625925925925925
1 0.49993489583333334 0.398375 0.007942708333333333 0.04121296296296295
1 0.518375 0.3902407407407407 0.01366666666666667 0.0647037037037037