1 0.5452552083333334 0.27618518518518514 0.010427083333333325 0.0628148148148148
1 0.5520312500000001 0.276037037037037 0.007708333333333309 0.057555555555555526
1 0.5695 0.2740740740740741 0.010427083333333325 0.06281481481481485
1 0.7510989583333334 0.3200925925925926 0.04394791666666661 0.2735185185185185
1 0.8782682291666667 0.5107777777777778 0.2434635416666667 0.8658518518518519
1 0.7905781249999999 0.3226157407407407 0.04613541666666675 0.2745833333333333
1 0.9220598958333334 0.5288333333333333 0.15588020833333333 0.9423333333333334
1 0.17608854166666665 0.6221712962962962 0.3125104166666667 0.5486203703703704
1 0.307671875 0.5157777777777778 0.15572916666666667 0.45307407407407413
3 0.3198463541666667 0.6906296296296296 0.17364062499999997 0.32596296296296295
3 0.14993229166666666 0.7991851851851852 0.22492708333333333 0.4016296296296296