1 0.5506927083333333 0.3719166666666666 0.020802083333333363 0.07042592592592593
1 0.5613906249999999 0.3879537037037037 0.008572916666666567 0.03798148148148146
1 0.5927708333333332 0.4265555555555555 0.039249999999999945 0.2004074074074074
1 0.6185624999999999 0.43014351851851845 0.030583333333333348 0.18675
1 0.8537734374999999 0.4656851851851852 0.02926562499999991 0.07600000000000004
1 0.879453125 0.46096759259259257 0.03744791666666671 0.06750925925925923
1 0.88896875 0.41406944444444443 0.02081250000000002 0.09037962962962964
1 0.9117708333333333 0.47602777777777777 0.044583333333333405 0.08720370370370377
1 0.9385911458333333 0.47874537037037046 0.03984895833333333 0.06050925925925928
1 0.9449453125 0.41462499999999997 0.03615104166666671 0.1537129629629629
1 0.9856250000000001 0.376375 0.018124999999999978 0.07799074074074076
1 0.40520833333333334 0.38468518518518524 0.015625 0.08544444444444448
1 0.41770052083333337 0.38363425925925926 0.015640624999999984 0.08458333333333336
1 0.42655208333333333 0.38130555555555556 0.022208333333333326 0.06331481481481481
1 0.44809895833333335 0.36881018518518516 0.018072916666666692 0.07589814814814817
1 0.48608593750000006 0.34684722222222225 0.005921875000000003 0.027046296296296277
1 0.49237760416666665 0.3459351851851852 0.005921875000000003 0.028129629629629626
1 0.49718489583333336 0.34485648148148146 0.005921875000000003 0.03065740740740742
1 0.5221354166666666 0.36822222222222223 0.015104166666666667 0.06855555555555552