1 0.5372213541666667 0.38299537037037035 0.019723958333333395 0.07789814814814815
1 0.5778255208333333 0.49441666666666667 0.061015625000000046 0.3026481481481481
1 0.09099479166666667 0.44256944444444446 0.05290625 0.19652777777777777
1 0.645734375 0.3882685185185185 0.009885416666666676 0.05383333333333332
1 0.6638046875000001 0.3860648148148148 0.014578125000000004 0.07212962962962961
1 0.7358281249999999 0.3872268518518519 0.012989583333333362 0.05352777777777778
1 0.2402734375 0.45093518518518516 0.06424479166666668 0.21646296296296294
1 0.26125 0.45202314814814815 0.07520833333333332 0.23039814814814819
2 0.3885546875 0.4921388888888889 0.06446354166666665 0.1246666666666667
1 0.43447135416666666 0.4524444444444444 0.05084895833333333 0.20159259259259263
1 0.46309374999999997 0.4550231481481481 0.0324583333333333 0.20921296296296296
1 0.4762838541666667 0.41771296296296295 0.03110937500000001 0.11787037037037033