1 0.56146875 0.46998611111111116 0.027374999999999972 0.13224999999999998
0 0.6125052083333333 0.5448379629629629 0.057802083333333344 0.19532407407407407
1 0.6168072916666667 0.46588425925925925 0.06409374999999998 0.26452777777777775
1 0.6904609374999999 0.48857870370370365 0.05678645833333332 0.2546944444444445
1 0.72509375 0.4607777777777778 0.013750000000000047 0.09031481481481478
1 0.759890625 0.5062083333333334 0.06823958333333333 0.3359166666666667
1 0.23911458333333335 0.5293055555555556 0.08947916666666668 0.4165740740740741
1 0.31088020833333335 0.47720833333333335 0.04271874999999999 0.19539814814814813
1 0.40544010416666665 0.478212962962963 0.03370312499999996 0.16561111111111107
2 0.5066927083333334 0.5093935185185186 0.04286458333333331 0.11491666666666674
1 0.5096328125 0.47625462962962967 0.03146354166666671 0.15934259259259256
1 0.5037421875 0.48884259259259266 0.01967187500000005 0.052240740740740706