1 0.5919036458333333 0.3909212962962963 0.02379687500000003 0.15887962962962965
1 0.6072630208333334 0.4658703703703704 0.05411979166666671 0.23862962962962966
1 0.8967760416666667 0.6524768518518518 0.13738541666666665 0.680601851851852
1 0.9460546875 0.6941296296296297 0.10789062500000005 0.6117407407407408
1 0.36140104166666664 0.4172685185185185 0.03959374999999999 0.11231481481481483
1 0.36803125 0.35403240740740743 0.020187499999999994 0.09563888888888891
1 0.38282812499999996 0.3838472222222222 0.03913541666666666 0.06823148148148148
1 0.4713541666666667 0.36342592592592593 0.017708333333333333 0.09722222222222222
1 0.49035677083333334 0.4241527777777778 0.030744791666666653 0.17021296296296295
3 0.5598645833333333 0.7163148148148148 0.16725 0.5673703703703704
1 0.554359375 0.6170138888888889 0.12638541666666672 0.42491666666666666
1 0.5078125 0.37083333333333335 0.019791666666666666 0.1175925925925926
1 0.53671875 0.47148148148148145 0.05260416666666667 0.2874074074074074