1 0.5332630208333333 0.47303240740740743 0.0187760416666667 0.12215740740740741
1 0.551875 0.4870277777777778 0.04250000000000007 0.1820555555555555
1 0.5436979166666667 0.47025 0.022812499999999975 0.14431481481481478
1 0.6100338541666666 0.4974305555555556 0.018244791666666652 0.13380555555555554
1 0.7278645833333334 0.475462962962963 0.03177083333333333 0.10648148148148148
1 0.8892447916666666 0.4664907407407407 0.018072916666666692 0.12220370370370366
1 0.9264114583333334 0.43839814814814815 0.008854166666666666 0.04218518518518519
1 0.98715625 0.44737037037037036 0.011687500000000028 0.04690740740740743
1 0.41615104166666667 0.5545694444444444 0.07936458333333334 0.3299351851851852
1 0.45808333333333334 0.44675000000000004 0.016854166666666674 0.10112962962962965
1 0.47552083333333334 0.46694444444444444 0.025 0.15055555555555558
1 0.480578125 0.46374537037037034 0.02355208333333335 0.11428703703703699
2 0.5052942708333333 0.5003333333333333 0.04700520833333333 0.09270370370370365
1 0.51378125 0.5010509259259259 0.03399999999999999 0.06800925925925926
1 0.5055468750000001 0.43824074074074076 0.011156249999999979 0.05824074074074072