1 0.18455208333333334 0.6030092592592593 0.13464583333333333 0.6732407407407407
3 0.208328125 0.7056527777777778 0.14105208333333333 0.26702777777777775
3 0.3473307291666667 0.7117083333333333 0.14367187499999995 0.3356574074074074
1 0.3522916666666667 0.5843564814814814 0.12885416666666666 0.38980555555555557
1 0.3159609375 0.34333333333333327 0.011619791666666638 0.057592592592592584
1 0.33151041666666664 0.34455555555555556 0.013229166666666714 0.04255555555555559
1 0.356703125 0.37612962962962965 0.02992708333333335 0.16014814814814812
1 0.3788671875 0.3566712962962963 0.011744791666666702 0.0768425925925926
1 0.39053124999999994 0.39023148148148146 0.022062500000000006 0.15175925925925923
1 0.400796875 0.34353240740740737 0.008406249999999994 0.04793518518518517
1 0.4246666666666667 0.38275925925925924 0.02254166666666665 0.12781481481481477
1 0.45146875000000003 0.3399537037037037 0.007166666666666662 0.0363888888888889
1 0.4768177083333333 0.35165740740740736 0.013864583333333336 0.06557407407407406
1 0.4906510416666666 0.3465787037037037 0.0068229166666666785 0.04054629629629626
1 0.5057083333333333 0.3460740740740741 0.008375000000000021 0.047666666666666684
1 0.5163203125 0.34066203703703707 0.0056927083333333075 0.030898148148148154