1 0.582703125 0.7151481481481482 0.0495729166666667 0.19370370370370374
1 0.7081901041666666 0.7206574074074074 0.04544270833333333 0.19003703703703695
1 0.8688151041666666 0.7099351851851852 0.026026041666666562 0.1597407407407407
1 0.8966119791666666 0.8087083333333334 0.0687135416666667 0.36169444444444443
1 0.9538723958333333 0.8137314814814814 0.08179687499999998 0.37253703703703706
1 0.23301302083333333 0.8198796296296297 0.07126562499999996 0.3602407407407407
1 0.25697135416666667 0.6487685185185186 0.012703124999999992 0.06198148148148143
1 0.30204687500000005 0.7343888888888889 0.047093749999999976 0.22474074074074077
1 0.35396614583333336 0.734712962962963 0.05050520833333335 0.2337222222222223
1 0.3738411458333334 0.6669953703703704 0.02092187499999998 0.10041666666666671
1 0.3955078125 0.657962962962963 0.0265989583333333 0.11848148148148152
1 0.4240625 0.6786064814814815 0.022208333333333326 0.15056481481481482