0 0.09166666666666666 0.584425925925926 0.029166666666666667 0.06207407407407414
1 0.09168229166666667 0.5589537037037038 0.024656249999999987 0.08153703703703709
1 0.18795052083333333 0.5544583333333334 0.02086979166666666 0.10293518518518514
1 0.21099479166666668 0.5444444444444444 0.017072916666666653 0.07518518518518523
1 0.2384140625 0.5505046296296295 0.021401041666666683 0.09399074074074074
1 0.27615885416666663 0.5439814814814815 0.014244791666666678 0.0712962962962963
1 0.29020572916666665 0.5454814814814815 0.010838541666666698 0.06625925925925921
1 0.30058072916666667 0.5437685185185185 0.011671875000000043 0.06918518518518521
2 0.3103098958333333 0.5756666666666667 0.023057291666666656 0.073537037037037
1 0.3090833333333334 0.5833564814814814 0.013979166666666683 0.05047222222222222
1 0.31225781250000006 0.558337962962963 0.018921875000000022 0.10017592592592597
1 0.3235677083333333 0.5440231481481481 0.013260416666666686 0.06969444444444443
1 0.3335807291666667 0.6086203703703703 0.0319947916666667 0.05564814814814817
2 0.33827343749999994 0.6054027777777778 0.035609375000000006 0.09845370370370374
1 0.35703125 0.5715416666666667 0.02520833333333338 0.1489537037037037
1 0.37082552083333337 0.5402824074074074 0.015994791666666685 0.04560185185185185
1 0.3929479166666667 0.5398981481481481 0.022770833333333348 0.04637037037037041
1 0.4054479166666667 0.5345694444444444 0.008375000000000021 0.05660185185185185
1 0.4157604166666667 0.5434722222222222 0.013375000000000033 0.059166666666666645
1 0.05865625 0.5756018518518519 0.03320833333333333 0.12657407407407412