1 0.015020833333333332 0.4406574074074074 0.029124999999999998 0.15201851851851853
0 0.5751744791666666 0.34498611111111116 0.025796874999999986 0.057435185185185214
1 0.5730859374999999 0.32408333333333333 0.01716145833333336 0.07775925925925928
1 0.6687734375000001 0.31499074074074074 0.03901562500000004 0.2000185185185185
1 0.7951640625 0.2465277777777778 0.017901041666666728 0.09935185185185183
1 0.8091302083333333 0.23667592592592593 0.017781249999999933 0.09479629629629632
1 0.10227083333333334 0.4113935185185186 0.03285416666666667 0.1294351851851852
1 0.3193776041666666 0.37887037037037036 0.035203125000000016 0.1557777777777778
1 0.36000781249999997 0.3763888888888889 0.02894270833333336 0.12129629629629629
2 0.47028906249999997 0.38870370370370366 0.039005208333333326 0.11407407407407406
1 0.4650598958333333 0.38603703703703707 0.025296875000000028 0.08551851851851854
1 0.4735026041666667 0.34838888888888886 0.03403645833333328 0.17859259259259258
1 0.5083932291666666 0.3497222222222222 0.04008854166666668 0.18833333333333332