1 0.5607187499999999 0.5117453703703703 0.02387499999999996 0.11539814814814814
1 0.6030338541666667 0.5359907407407407 0.03216145833333333 0.1726481481481482
1 0.636203125 0.5745601851851851 0.05217708333333325 0.24736111111111114
1 0.6971171875000001 0.6616712962962963 0.09211979166666673 0.46758333333333335
1 0.71796875 0.5695462962962963 0.04822916666666662 0.2544259259259259
3 0.8105156250000001 0.6909675925925925 0.11765625000000005 0.1974166666666667
1 0.8036979166666666 0.6416018518518518 0.09718750000000007 0.21364814814814817
1 0.08564583333333334 0.4976666666666667 0.017562499999999998 0.08725925925925927
1 0.8481458333333334 0.6354768518518519 0.08652083333333328 0.38534259259259257
1 0.1415078125 0.5031527777777778 0.035421875 0.09036111111111114
1 0.21425 0.683962962962963 0.09420833333333332 0.4100370370370371
1 0.18803124999999998 0.5460833333333334 0.03685416666666666 0.1817222222222222
1 0.25673958333333335 0.5694675925925926 0.0500625 0.23680555555555555
1 0.32503125 0.5831342592592592 0.042854166666666714 0.2448425925925926
1 0.37461197916666666 0.5147314814814814 0.027859375000000006 0.11849999999999997
1 0.3975 0.5190231481481481 0.016249999999999966 0.09954629629629623
1 0.4153645833333333 0.4943935185185185 0.013750000000000047 0.09232407407407406
1 0.4317708333333333 0.4950138888888889 0.024479166666666666 0.07256481481481476
1 0.46078125000000003 0.4898842592592593 0.02375000000000001 0.08504629629629631
1 0.4645989583333333 0.5014583333333333 0.012156250000000016 0.06578703703703705
1 0.48781250000000004 0.5630787037037037 0.05270833333333336 0.24328703703703702
1 0.05505729166666667 0.5044537037037037 0.016968749999999998 0.0883148148148148
1 0.5074973958333333 0.4912916666666667 0.012921874999999972 0.08834259259259257
1 0.5278645833333333 0.5592175925925926 0.05218749999999996 0.20286111111111108