1 0.6134114583333333 0.4350462962962963 0.17369791666666667 0.7052777777777778
1 0.5546875 0.2652777777777778 0.029166666666666667 0.18055555555555555
2 0.734453125 0.6843564814814815 0.27484375 0.631287037037037
1 0.6669895833333332 0.2616111111111111 0.020833333333333332 0.10462962962962966
1 0.6847916666666667 0.25787037037037036 0.021354166666666667 0.09351851851851851
1 0.7791979166666666 0.7762546296296297 0.2035833333333334 0.4474907407407407
1 0.7490885416666667 0.3779953703703704 0.08671875 0.5230833333333333
1 0.39557291666666666 0.2412037037037037 0.03177083333333333 0.1712962962962963
1 0.453125 0.27037037037037037 0.029166666666666667 0.1814814814814815
1 0.47328125000000004 0.2849861111111111 0.041041666666666705 0.20428703703703707
1 0.496875 0.274537037037037 0.029166666666666667 0.18796296296296297