1 0.5415781249999999 0.4693703703703704 0.007947916666666662 0.05237037037037043
1 0.5713385416666666 0.4806574074074074 0.009822916666666733 0.05757407407407413
1 0.58365625 0.48305092592592597 0.013416666666666662 0.06297222222222226
1 0.9464609374999999 0.47488425925925926 0.01582812500000005 0.07671296296296293
1 0.9613411458333334 0.4784907407407407 0.01690104166666669 0.06949999999999995
3 0.370484375 0.7058888888888889 0.08170833333333333 0.16320370370370368
1 0.3939322916666666 0.6248472222222222 0.11984375000000001 0.2253055555555556
3 0.46275 0.6960972222222223 0.07344791666666665 0.1371018518518519
1 0.464203125 0.6073564814814815 0.06878124999999997 0.21917592592592586
1 0.49690104166666665 0.5303703703703704 0.026406249999999964 0.13092592592592592
1 0.5163411458333333 0.4820879629629629 0.010859374999999952 0.061379629629629597