1 0.5450677083333333 0.4948888888888889 0.01590624999999998 0.0694814814814815
1 0.14411458333333332 0.5300462962962963 0.04083333333333332 0.2323148148148148
1 0.22070052083333333 0.5211435185185186 0.04172395833333334 0.2556759259259259
1 0.2541614583333333 0.555962962962963 0.05698958333333337 0.2745555555555556
0 0.30247135416666665 0.4930833333333333 0.04091145833333331 0.029907407407407365
1 0.3425260416666667 0.48131481481481486 0.02442708333333332 0.08125925925925931
1 0.3900416666666667 0.48695370370370367 0.019187499999999958 0.09442592592592589
1 0.41183854166666667 0.49275925925925923 0.015281250000000017 0.0855925925925926
1 0.4398802083333333 0.5418657407407408 0.04690625000000003 0.27404629629629634
1 0.4580390625 0.48976851851851855 0.011734375000000045 0.07990740740740741
1 0.48617187500000003 0.4811944444444445 0.009218749999999965 0.07409259259259263
1 0.5006979166666666 0.4947407407407408 0.016312500000000025 0.07551851851851853
1 0.529609375 0.4991203703703703 0.02255208333333331 0.06787037037037043