1 0.6451744791666666 0.3459166666666667 0.028505208333333344 0.12816666666666668
1 0.6916484375 0.4938425925925926 0.08368229166666659 0.20379629629629625
1 0.6876171875 0.4763009259259259 0.07486979166666667 0.2073981481481481
1 0.7434114583333333 0.5120231481481482 0.10661458333333336 0.29854629629629637
1 0.7763020833333333 0.5526064814814815 0.12333333333333343 0.3220092592592593
1 0.9162682291666667 0.658875 0.16746354166666666 0.4253981481481481
1 0.2435625 0.4144953703703703 0.07975000000000003 0.45063888888888887
1 0.40847135416666674 0.31540277777777775 0.015036458333333336 0.08956481481481483
1 0.42166666666666663 0.31731018518518517 0.01593750000000001 0.09112037037037034
1 0.4323046875 0.32826388888888886 0.026848958333333308 0.12476851851851851
1 0.445703125 0.30814351851851846 0.014427083333333358 0.08537962962962961
1 0.45868749999999997 0.3344722222222222 0.0345 0.15512962962962965
1 0.4817994791666667 0.3175972222222222 0.015776041666666706 0.092212962962963
1 0.5035260416666667 0.31437037037037036 0.019302083333333307 0.08477777777777779
1 0.5317395833333333 0.3598472222222222 0.03662499999999997 0.19067592592592594