1 0.5632395833333333 0.26002314814814814 0.019791666666666666 0.08884259259259261
0 0.5829557291666667 0.27511574074074074 0.02429687499999993 0.06236111111111113
1 0.8438854166666666 0.29259259259259257 0.025520833333333333 0.12222222222222222
1 0.8958046875 0.28959259259259257 0.012869791666666686 0.06044444444444442
1 0.9252604166666667 0.2935185185185185 0.019270833333333334 0.08888888888888889
1 0.9523802083333334 0.30618518518518517 0.02982291666666666 0.12022222222222226
1 0.9794010416666666 0.3164537037037037 0.023697916666666666 0.10579629629629629
2 0.3584375 0.6442453703703703 0.2277083333333333 0.5796574074074073
1 0.38996093749999994 0.22709722222222223 0.018442708333333318 0.08789814814814816
1 0.43475 0.23064351851851853 0.01151041666666668 0.07136111111111111
1 0.4562135416666667 0.23288888888888887 0.01694791666666671 0.08207407407407406