1 0.5670052083333333 0.2776342592592593 0.01630208333333331 0.09306481481481484
1 0.6077682291666666 0.41111574074074075 0.072796875 0.35739814814814813
1 0.6986640625 0.28860185185185183 0.023713541666666654 0.11594444444444445
1 0.7491927083333334 0.3443055555555556 0.048385416666666715 0.2312037037037037
1 0.7682578125 0.3551435185185185 0.04650520833333331 0.23600925925925925
1 0.7986562500000001 0.31018055555555557 0.016322916666666624 0.07026851851851851
1 0.8285130208333332 0.34456018518518516 0.03942187499999991 0.17550925925925923
1 0.4241848958333333 0.27114814814814814 0.013296875000000045 0.06862962962962961
1 0.4417890625 0.27805555555555556 0.011473958333333319 0.06422222222222224
1 0.46528125 0.26918981481481485 0.012979166666666646 0.08125000000000003
1 0.51459375 0.4143287037037037 0.08112500000000006 0.4048611111111111
1 0.488796875 0.28905555555555557 0.027614583333333324 0.14670370370370367