1 0.6315989583333333 0.3813888888888889 0.024906249999999967 0.09075925925925929
1 0.6426796874999999 0.3683240740740741 0.02017187500000001 0.0912037037037037
1 0.6709453125000001 0.36677777777777776 0.01743229166666668 0.08544444444444442
1 0.6942760416666667 0.39519907407407406 0.03621874999999998 0.18999074074074068
1 0.7059166666666667 0.40150925925925923 0.047437500000000084 0.24827777777777782
1 0.7649296875 0.4105555555555555 0.05774479166666661 0.23407407407407405
1 0.7944166666666667 0.44558333333333333 0.045750000000000075 0.1901296296296296
1 0.8500651041666667 0.41327777777777774 0.052473958333333334 0.261037037037037
1 0.9713541666666666 0.47451851851851856 0.057291666666666664 0.48114814814814816
2 0.48346354166666666 0.4895 0.09255208333333335 0.18266666666666664
1 0.5495026041666667 0.414 0.06598437500000003 0.24609259259259256