1 0.5687317708333334 0.5858657407407407 0.06753645833333326 0.34049074074074076
1 0.6300885416666666 0.5814398148148149 0.07326041666666659 0.3102685185185185
1 0.62253125 0.46041666666666664 0.03504166666666677 0.10787037037037037
1 0.7122630208333334 0.6115509259259259 0.06276562499999999 0.3496759259259259
1 0.7662630208333333 0.6305694444444444 0.06268229166666674 0.4160833333333334
1 0.8482343750000001 0.5388055555555556 0.029781250000000033 0.06961111111111107
1 0.8648359375000001 0.4862361111111111 0.056161458333333414 0.15863888888888883
1 0.924046875 0.618662037037037 0.08607291666666667 0.3830462962962963
1 0.9429531250000001 0.6166481481481482 0.09888541666666674 0.40651851851851856
1 0.2919817708333333 0.5994537037037038 0.11072395833333332 0.49035185185185187
1 0.41190625000000003 0.5430972222222222 0.04347916666666667 0.2412129629629629
1 0.52503125 0.5848194444444444 0.05514583333333333 0.3170277777777777