1 0.06187760416666667 0.3627268518518519 0.011557291666666672 0.06232407407407407
1 0.6584661458333334 0.5524814814814815 0.12994270833333335 0.3298518518518518
3 0.6728177083333333 0.661212962962963 0.15509374999999997 0.2942407407407407
1 0.21160416666666665 0.3551898148148148 0.009604166666666665 0.048509259259259245
1 0.2214348958333333 0.35488425925925926 0.007651041666666665 0.0441203703703704
1 0.23833854166666668 0.35580555555555554 0.009989583333333336 0.0433888888888889
1 0.03521354166666667 0.3622824074074074 0.012072916666666666 0.0639537037037037
1 0.38135156249999996 0.42370370370370375 0.04156770833333336 0.21962962962962967
1 0.046825520833333335 0.3627361111111111 0.011557291666666665 0.06045370370370367
1 0.46045833333333336 0.42574537037037036 0.03814583333333334 0.20684259259259258
1 0.5008802083333334 0.5588425925925925 0.10928124999999997 0.3047222222222222
3 0.5125625 0.6785277777777777 0.11383333333333337 0.23553703703703704
1 0.49192708333333335 0.3856759259259259 0.024479166666666666 0.11666666666666667