1 0.5798359375000001 0.6153379629629631 0.09314062500000002 0.41562037037037036
1 0.6036276041666667 0.4582731481481481 0.03795312500000006 0.21586111111111111
1 0.6728723958333334 0.5529675925925925 0.1164427083333333 0.5675833333333333
1 0.6802916666666666 0.49607407407407406 0.09912499999999996 0.4950740740740741
1 0.7635286458333332 0.4669074074074074 0.09450520833333335 0.3334074074074073
1 0.14040885416666665 0.6056527777777778 0.128765625 0.5427685185185186
1 0.7984375 0.3435185185185185 0.01875 0.11296296296296296
1 0.8421536458333333 0.42989814814814814 0.0688177083333334 0.3602037037037037
1 0.9041822916666666 0.6806666666666665 0.13489583333333333 0.6379629629629628
1 0.9595755208333333 0.4511574074074074 0.08084895833333335 0.5018518518518519
2 0.17737760416666667 0.6829120370370371 0.11527604166666668 0.2698055555555555
1 0.08657031249999998 0.5782268518518519 0.10331770833333333 0.5491018518518518
1 0.5156510416666666 0.6130092592592592 0.09796874999999995 0.40564814814814815