1 0.03296875 0.7879351851851852 0.0659375 0.37987037037037025
1 0.5378802083333334 0.3984074074074074 0.011739583333333314 0.04781481481481485
1 0.5405182291666667 0.38725000000000004 0.010838541666666639 0.05161111111111112
1 0.5638541666666667 0.3630046296296296 0.015208333333333357 0.0786203703703704
1 0.6253697916666667 0.3982037037037037 0.023531250000000035 0.1295185185185185
1 0.1415859375 0.6518888888888889 0.10046354166666667 0.38066666666666665
1 0.19591927083333333 0.6280370370370371 0.17326562499999998 0.4318148148148148
2 0.22665625000000003 0.6975277777777779 0.1802291666666667 0.36827777777777776
1 0.3480260416666667 0.4161111111111111 0.039364583333333356 0.11740740740740736
3 0.36487239583333336 0.42615277777777777 0.04353645833333335 0.08263888888888889
1 0.3905859375 0.38814814814814813 0.026640624999999987 0.08370370370370368
1 0.5119661458333333 0.3856157407407408 0.012734375000000023 0.0426574074074074