1 0.574609375 0.4914398148148148 0.033854166666666664 0.16545370370370371
1 0.6348229166666666 0.5298287037037037 0.03854166666666667 0.26089814814814816
1 0.0984375 0.6154583333333333 0.06875 0.49500925925925926
1 0.6813281250000001 0.4949074074074074 0.020677083333333356 0.20462962962962963
1 0.7352421875 0.5109814814814815 0.03586979166666661 0.25377777777777777
1 0.7884088541666666 0.5379074074074074 0.04672395833333323 0.29418518518518516
1 0.8287682291666667 0.5522777777777778 0.06506770833333336 0.2306296296296296
1 0.8364218749999999 0.4777453703703703 0.04076041666666666 0.1895092592592592
1 0.9508802083333333 0.6699074074074074 0.09519791666666665 0.6601851851851852
1 0.16084895833333332 0.6673240740740741 0.10871874999999999 0.5940555555555554
1 0.19716406250000001 0.5819212962962963 0.066921875 0.3474537037037037
1 0.2153880208333333 0.5179074074074075 0.035578125 0.22844444444444448
1 0.31752604166666665 0.6393935185185186 0.12671874999999996 0.5965833333333334
1 0.040653645833333335 0.5651342592592593 0.07577604166666667 0.3975092592592593
1 0.3632213541666667 0.5344537037037037 0.04647395833333334 0.2542407407407407
1 0.40768229166666664 0.4955555555555556 0.04244791666666667 0.21518518518518517
1 0.44120052083333333 0.5295416666666667 0.05280729166666666 0.28054629629629624
2 0.4709453125 0.6135185185185186 0.09269270833333335 0.2381481481481482
1 0.508265625 0.5923611111111111 0.07951041666666671 0.35324074074074074
1 0.5467708333333333 0.55 0.06124999999999995 0.3314814814814815