2 0.6863802083333332 0.724574074074074 0.14630208333333325 0.34077777777777774
1 0.7638593749999999 0.5318703703703704 0.03854166666666667 0.2582407407407407
1 0.8706093750000001 0.4596805555555556 0.016072916666666614 0.0639722222222222
1 0.2989583333333333 0.41689814814814813 0.020937500000000022 0.09990740740740739
1 0.35804687500000004 0.4900462962962963 0.04848958333333334 0.24675925925925926
1 0.39372395833333335 0.4193055555555556 0.012656250000000036 0.061944444444444476
1 0.40765625 0.4222685185185185 0.010729166666666679 0.05861111111111112
1 0.45684895833333333 0.5309259259259259 0.06432291666666666 0.2766666666666666
1 0.4498203125 0.5104120370370371 0.04161979166666665 0.22250925925925927
1 0.4869791666666667 0.5143981481481481 0.03854166666666667 0.2582407407407407
1 0.5422656250000001 0.5239814814814815 0.054114583333333265 0.26611111111111113