0 0.5463359375 0.25262500000000004 0.03264062499999998 0.04252777777777778
0 0.6047786458333333 0.32437037037037036 0.10481770833333333 0.1521851851851852
0 0.65771875 0.41631944444444446 0.08935416666666664 0.30124999999999996
1 0.7199661458333334 0.33346296296296296 0.05590104166666663 0.2243703703703704
0 0.8336979166666667 0.4806712962962963 0.23093750000000005 0.3803240740740741
0 0.9216145833333333 0.5142916666666666 0.15677083333333333 0.3721574074074074
1 0.38724739583333334 0.42871759259259257 0.1164427083333333 0.5331203703703703
1 0.43539062500000003 0.293712962962963 0.035572916666666704 0.16646296296296298
1 0.46536979166666664 0.28005555555555556 0.034468750000000034 0.1943333333333333
1 0.49531770833333333 0.25237037037037036 0.015822916666666666 0.0722962962962963
1 0.506546875 0.23883796296296295 0.009406250000000031 0.04899074074074071