1 0.6085312500000001 0.3913101851851852 0.02929166666666667 0.09978703703703702
1 0.6295833333333333 0.4012407407407408 0.025520833333333333 0.09325925925925924
1 0.6761796874999999 0.4089444444444444 0.021286458333333393 0.08396296296296298
1 0.6819791666666667 0.3821296296296296 0.018124999999999978 0.09759259259259258
1 0.7777421874999999 0.4265324074074074 0.026911458333333253 0.16547222222222221
2 0.3104661458333334 0.6524537037037038 0.11094270833333336 0.34824074074074074
1 0.38490104166666667 0.4068287037037037 0.041239583333333364 0.1481944444444444
1 0.4195677083333333 0.40599074074074076 0.01711458333333334 0.0930185185185185
1 0.4292890625 0.39085185185185184 0.016526041666666675 0.08977777777777782
1 0.43933593750000005 0.3863101851851852 0.01778645833333332 0.09200925925925926
1 0.10868229166666668 0.7643518518518518 0.12898958333333332 0.46296296296296297