1 0.6258828125000001 0.12657407407407406 0.04198437499999995 0.2531481481481481
1 0.7094166666666666 0.18246296296296297 0.08391666666666672 0.17366666666666664
1 0.6956458333333333 0.12661574074074075 0.053791666666666654 0.2532314814814815
1 0.7093802083333334 0.13939814814814816 0.050406250000000104 0.2787962962962963
1 0.8524114583333334 0.2992592592592592 0.20080208333333344 0.5985185185185184
2 0.8926510416666666 0.5009722222222223 0.21469791666666668 0.5336111111111111
1 0.34879947916666665 0.09341666666666666 0.03060937500000005 0.07901851851851852
1 0.36488541666666663 0.06451388888888888 0.020927083333333308 0.05195370370370371
1 0.3875416666666666 0.04570833333333334 0.019197916666666672 0.09141666666666667
1 0.3964453125 0.0452962962962963 0.017640625000000004 0.08485185185185186
1 0.41927604166666665 0.05052314814814814 0.01729166666666669 0.09100925925925925
1 0.42993489583333333 0.0689212962962963 0.020963541666666665 0.12937962962962965