1 0.5703515625000001 0.1748287037037037 0.03679687500000005 0.20775000000000002
1 0.6192213541666667 0.17578703703703702 0.02176562499999998 0.11675925925925927
1 0.64078125 0.19445833333333332 0.05020833333333338 0.17849074074074073
1 0.6645833333333333 0.16712962962962963 0.029166666666666667 0.13796296296296295
1 0.24361458333333333 0.19143055555555555 0.03920833333333332 0.1997314814814815
1 0.25464322916666665 0.18293518518518517 0.03613020833333334 0.20246296296296293
1 0.31077343749999997 0.1682638888888889 0.030744791666666712 0.14699074074074076
1 0.32255729166666663 0.16363425925925928 0.039364583333333356 0.14458333333333334
1 0.40029687499999994 0.17849074074074073 0.017947916666666626 0.10505555555555557
1 0.41316406250000004 0.18164351851851854 0.01700520833333332 0.09708333333333333
1 0.4313046875 0.17643055555555556 0.010307291666666647 0.06287962962962963
1 0.5234140625 0.17560185185185187 0.039109375000000016 0.1975