2 0.5886015625 0.6186574074074074 0.07959895833333329 0.23083333333333328
1 0.5991093749999999 0.5835555555555556 0.07521875000000004 0.38529629629629625
1 0.07990625000000001 0.47370833333333334 0.014770833333333325 0.06258333333333331
1 0.10324479166666668 0.4689212962962963 0.011635416666666669 0.06104629629629625
1 0.137328125 0.47468518518518527 0.026385416666666665 0.0882592592592593
1 0.23175520833333335 0.45463425925925927 0.010343749999999978 0.04628703703703704
1 0.2451458333333333 0.4573333333333333 0.009604166666666665 0.04625925925925924
1 0.41497395833333334 0.4783425925925926 0.01921875000000005 0.08331481481481483
1 0.46990625 0.4801851851851852 0.01758333333333333 0.06500000000000004
1 0.47788020833333333 0.47322685185185187 0.01111458333333335 0.059101851851851836
1 0.5209843749999999 0.4870694444444444 0.022302083333333358 0.07752777777777774