1 0.034140625 0.6043518518518519 0.06828125 0.20870370370370367
3 0.041901041666666666 0.6770092592592594 0.08380208333333333 0.14690740740740738
1 0.53515625 0.41131481481481486 0.022499999999999964 0.08625925925925929
1 0.5613489583333333 0.413787037037037 0.01303124999999999 0.06705555555555558
1 0.5786354166666666 0.4134027777777778 0.014708333333333339 0.07523148148148148
1 0.6190989583333334 0.39876388888888886 0.009927083333333305 0.04469444444444448
1 0.6347395833333334 0.43596296296296294 0.015312500000000047 0.10381481481481482
1 0.6439583333333334 0.4281203703703704 0.014999999999999977 0.10283333333333333
1 0.6583255208333333 0.4367222222222222 0.023557291666666678 0.10507407407407404
1 0.6937578124999999 0.40093055555555557 0.010401041666666682 0.056842592592592577
1 0.3380651041666667 0.6259398148148148 0.08886979166666667 0.22923148148148142
3 0.3467916666666666 0.6990462962962963 0.09787499999999998 0.15783333333333335
1 0.5140807291666667 0.4159490740740741 0.015588541666666641 0.0771759259259259