1 0.7514947916666667 0.24761111111111106 0.020552083333333235 0.06477777777777775
0 0.7679427083333332 0.25293981481481476 0.020718749999999987 0.06800925925925926
1 0.11026562499999999 0.2162824074074074 0.015927083333333338 0.06558333333333334
1 0.13113020833333333 0.21728240740740742 0.013052083333333334 0.06080555555555554
1 0.19257291666666668 0.25555555555555554 0.044333333333333336 0.20925925925925926
1 0.21804427083333333 0.20861574074074074 0.007036458333333329 0.04536111111111112
1 0.23327604166666666 0.21351851851851852 0.013656250000000014 0.07333333333333332
1 0.2428671875 0.21781481481481482 0.014369791666666683 0.06288888888888888
1 0.2565286458333333 0.224337962962963 0.012671874999999992 0.042250000000000024
1 0.278203125 0.21274074074074073 0.01473958333333331 0.05544444444444444
1 0.36133072916666664 0.22540740740740742 0.008182291666666685 0.027333333333333317
1 0.37192187499999996 0.21341666666666667 0.01584374999999998 0.05057407407407408
1 0.4050208333333334 0.20446296296296296 0.01204166666666667 0.03792592592592593
1 0.4682734375 0.22557407407407407 0.017098958333333355 0.08533333333333333