1 0.5312812499999999 0.5018101851851852 0.01899999999999995 0.08230555555555555
1 0.5516302083333334 0.5015694444444445 0.015697916666666718 0.08704629629629634
1 0.5798958333333334 0.5039814814814815 0.014999999999999977 0.08185185185185183
1 0.5893072916666667 0.5075648148148149 0.014583333333333334 0.07394444444444445
1 0.6511380208333333 0.5610277777777779 0.032828124999999986 0.1735
1 0.7087239583333333 0.5193148148148148 0.018697916666666713 0.07229629629629623
1 0.7977447916666667 0.5874675925925925 0.03919791666666666 0.16821296296296293
2 0.34453385416666665 0.6919768518518519 0.10917187499999995 0.24975000000000003
1 0.40835416666666663 0.4919444444444444 0.0171875 0.08648148148148146
1 0.45435416666666667 0.49568518518518523 0.01721874999999997 0.07783333333333334
1 0.46770833333333334 0.5310185185185186 0.03125 0.1527777777777778
1 0.4917135416666667 0.5862962962962963 0.0453125 0.20944444444444438
1 0.5061953124999999 0.5620138888888889 0.034171875000000004 0.18134259259259256
1 0.5136848958333334 0.4999212962962963 0.017526041666666655 0.08719444444444446