1 0.018567708333333332 0.4517314814814815 0.037135416666666664 0.2522777777777778
1 0.6260625 0.3971388888888889 0.05006249999999994 0.26388888888888884
1 0.6716666666666666 0.34473611111111113 0.019999999999999928 0.08219444444444443
1 0.6917760416666667 0.3396296296296296 0.02644791666666665 0.0914814814814815
1 0.7141640625000001 0.3383333333333333 0.014536458333333375 0.04714814814814816
1 0.7362838541666666 0.33881481481481485 0.01847395833333335 0.0808888888888889
1 0.7565468750000001 0.3748888888888889 0.030031250000000044 0.18429629629629626
1 0.8041536458333333 0.4341944444444444 0.05304687500000007 0.3386481481481481
1 0.8295833333333333 0.399537037037037 0.0546875 0.29907407407407405
1 0.866765625 0.33113425925925927 0.014906249999999944 0.07495370370370374
1 0.8956041666666666 0.3199675925925926 0.01275000000000001 0.06936111111111108
1 0.9156119791666666 0.3205462962962963 0.009713541666666596 0.06205555555555554
1 0.9758385416666667 0.41812037037037036 0.04832291666666665 0.3720925925925926
1 0.16765104166666667 0.5098981481481482 0.11979166666666667 0.5363148148148148
1 0.22659895833333332 0.42000925925925925 0.05461458333333334 0.3181296296296296
1 0.041960937499999997 0.4283888888888889 0.04128645833333334 0.20155555555555557
2 0.2675494791666667 0.5853101851851852 0.11563020833333336 0.2612314814814815
1 0.3377291666666667 0.39656018518518515 0.029541666666666622 0.15669444444444441
1 0.37486458333333333 0.3906851851851852 0.03229166666666667 0.12918518518518518
1 0.4081666666666666 0.4348611111111111 0.05572916666666667 0.2833333333333333
1 0.4572890625 0.5037037037037037 0.09885937499999997 0.4888888888888889
1 0.07116666666666666 0.42212037037037037 0.051833333333333335 0.21983333333333335