1 0.06608854166666667 0.46991203703703704 0.015052083333333336 0.10515740740740735
1 0.6260989583333334 0.4839953703703704 0.02592708333333332 0.1088611111111111
1 0.6473854166666667 0.49166666666666664 0.02929166666666667 0.1425925925925926
1 0.080171875 0.4608518518518519 0.03028125 0.12644444444444444
1 0.6675989583333333 0.4949074074074074 0.028645833333333332 0.14166666666666666
1 0.6997604166666667 0.5567037037037037 0.04641666666666661 0.22437037037037036
1 0.8703072916666666 0.5968611111111112 0.07803125000000008 0.4453518518518519
1 0.09929166666666665 0.46440277777777783 0.01877083333333333 0.11554629629629631
1 0.9572890624999999 0.638449074074074 0.057192708333333425 0.3119907407407408
1 0.11509375 0.47172222222222226 0.019791666666666666 0.12062962962962966
1 0.13418229166666668 0.47302777777777777 0.02757291666666668 0.11894444444444448
1 0.16933333333333334 0.47006944444444443 0.015052083333333322 0.0834351851851852
1 0.19469270833333333 0.48973148148148155 0.03686458333333332 0.16794444444444445
1 0.21379947916666667 0.5195787037037037 0.06521354166666668 0.2856574074074074
1 0.2698802083333333 0.44516203703703705 0.014822916666666656 0.07115740740740743
1 0.2899557291666667 0.4517037037037037 0.011192708333333337 0.05990740740740745
1 0.31322395833333333 0.45532407407407405 0.012510416666666658 0.05342592592592597
1 0.32697135416666673 0.4475648148148148 0.014255208333333335 0.0698703703703704
1 0.3672447916666666 0.45164351851851847 0.011135416666666665 0.06115740740740737
1 0.4929557291666667 0.519 0.046484375 0.12551851851851847