1 0.5715442708333334 0.2368564814814815 0.009296874999999953 0.04800925925925928
0 0.5936822916666666 0.32270370370370366 0.0419062499999999 0.1445925925925926
0 0.6311458333333333 0.3487592592592592 0.049270833333333285 0.1576666666666667
0 0.70421875 0.48348611111111106 0.12044791666666667 0.39171296296296304
1 0.7249635416666667 0.22243981481481484 0.007864583333333286 0.04269444444444446
1 0.8908411458333333 0.23108333333333334 0.020921875000000038 0.0896851851851852
1 0.17864583333333334 0.2712962962962963 0.0375 0.07777777777777778
0 0.252984375 0.36756944444444445 0.07038541666666663 0.186712962962963
1 0.25446875 0.2978981481481482 0.07135416666666669 0.23796296296296296
1 0.4468958333333333 0.24246296296296296 0.0125 0.07581481481481483
1 0.5241953125000001 0.2679166666666667 0.03223437500000005 0.09161111111111112