1 0.55 0.3650555555555555 0.022916666666666665 0.10277777777777777
1 0.5998229166666665 0.6869305555555556 0.11358333333333341 0.6261388888888889
1 0.5713541666666667 0.36247222222222225 0.017708333333333333 0.08703703703703704
1 0.6114583333333333 0.36753703703703705 0.017708333333333333 0.11481481481481481
1 0.631953125 0.3625462962962963 0.017031250000000022 0.09731481481481484
1 0.6536979166666667 0.3770416666666667 0.026875000000000072 0.11184259259259262
1 0.6789036458333333 0.37975925925925924 0.020005208333333375 0.1091851851851852
0 0.7619791666666667 0.4036574074074074 0.071875 0.07601851851851854
1 0.9408854166666667 0.6471203703703704 0.1140625 0.5398148148148149
1 0.4689322916666666 0.7463657407407408 0.2151041666666666 0.5072685185185185
1 0.47317708333333336 0.34299999999999997 0.0140625 0.06759259259259259
1 0.525125 0.35963425925925924 0.01875 0.09073148148148144