1 0.5603333333333332 0.40378703703703706 0.03724999999999999 0.1981666666666667
1 0.6214557291666668 0.4631111111111111 0.058859375 0.32564814814814813
1 0.7087552083333333 0.4950833333333334 0.09322916666666667 0.4061296296296296
1 0.082578125 0.44066666666666665 0.02963541666666667 0.1379259259259259
1 0.75078125 0.35555555555555557 0.0203125 0.09074074074074075
1 0.7892265625 0.49378240740740736 0.08550520833333337 0.40465740740740735
1 0.8317708333333333 0.39305555555555555 0.034375 0.1824074074074074
1 0.860859375 0.35002777777777777 0.025885416666666692 0.12346296296296294
1 0.8824947916666666 0.3510648148148148 0.018135416666666633 0.09657407407407409
1 0.9123072916666667 0.3790277777777778 0.0471562500000001 0.2080555555555556
1 0.9315494791666666 0.3422824074074074 0.018598958333333353 0.10673148148148151
1 0.9490416666666666 0.34730555555555553 0.021499999999999984 0.11075925925925927
1 0.9865078124999999 0.34211111111111114 0.024484374999999996 0.11855555555555558
1 0.11549999999999999 0.4091666666666666 0.014583333333333334 0.075
1 0.14008854166666668 0.406212962962963 0.017531250000000012 0.07590740740740737
1 0.03009375 0.42177777777777775 0.03127083333333333 0.122
1 0.20321354166666664 0.407787037037037 0.022427083333333334 0.09257407407407404
1 0.22865104166666667 0.40812037037037036 0.02009374999999999 0.12431481481481481
1 0.262921875 0.3918148148148148 0.015927083333333356 0.08174074074074077
1 0.2765625 0.3977314814814815 0.019791666666666666 0.09361111111111113
1 0.29396875000000006 0.3952407407407407 0.01945833333333334 0.09637037037037036
1 0.017161458333333334 0.4297685185185185 0.027239583333333334 0.10527777777777776
1 0.4345833333333333 0.45452777777777775 0.053125 0.30927777777777776
2 0.49114583333333334 0.49778703703703703 0.05 0.1746111111111111
1 0.502265625 0.42205092592592586 0.03916666666666669 0.1273055555555555
1 0.5093619791666667 0.4141064814814815 0.033984375 0.15641666666666673