0 0.5524427083333333 0.30475925925925923 0.02191666666666663 0.05942592592592593
1 0.6123307291666666 0.3448703703703704 0.022317708333333287 0.12100000000000001
1 0.6833671875 0.3108796296296296 0.0219114583333333 0.0860185185185185
1 0.70178125 0.34837962962962965 0.027479166666666662 0.15416666666666667
1 0.7856458333333334 0.34870833333333334 0.026416666666666682 0.15739814814814815
1 0.81884375 0.29962500000000003 0.018729166666666686 0.09352777777777782
1 0.12921614583333332 0.3446898148148148 0.026463541666666666 0.10839814814814815
1 0.2582161458333333 0.3314814814814815 0.02273437500000002 0.07314814814814814
2 0.30266145833333336 0.41562037037037036 0.058218749999999986 0.12524074074074074
1 0.2983046875 0.3593055555555555 0.04932812500000002 0.1799074074074074
1 0.4892708333333333 0.3824814814814815 0.0421875 0.205037037037037
1 0.5250390625 0.45771296296296293 0.06888020833333333 0.2943888888888888