1 0.529140625 0.48956481481481484 0.007968750000000035 0.043555555555555577
1 0.536078125 0.4917962962962963 0.0059062500000000165 0.0375185185185185
0 0.5671119791666667 0.5513148148148149 0.033359375000000094 0.07072222222222221
1 0.6688151041666667 0.5549999999999999 0.0419531250000001 0.23592592592592587
1 0.10994270833333333 0.5889861111111111 0.05655208333333332 0.09075
2 0.12552083333333333 0.5916111111111112 0.06354166666666666 0.14074074074074075
1 0.1522890625 0.5378657407407407 0.043130208333333336 0.20112037037037034
0 0.20208333333333334 0.6375 0.071875 0.18796296296296297
1 0.1979375 0.5627592592592592 0.06235416666666665 0.25262962962962965
1 0.4012760416666667 0.49508796296296304 0.014114583333333345 0.07389814814814814
1 0.41880989583333333 0.48983796296296295 0.013213541666666669 0.06439814814814811
1 0.4456796875 0.4889074074074074 0.008640625000000016 0.05051851851851847