1 0.5443802083333333 0.45722222222222225 0.03676041666666669 0.1933888888888889
1 0.5724895833333333 0.45431481481481484 0.041958333333333306 0.21488888888888893
1 0.614625 0.7245324074074074 0.11979166666666667 0.37297222222222215
1 0.5952604166666667 0.4692777777777778 0.05451041666666671 0.2448148148148148
1 0.6517447916666667 0.4738055555555556 0.05128125000000002 0.2231481481481482
1 0.8262161458333334 0.39699537037037036 0.021098958333333327 0.06610185185185184
1 0.9421927083333334 0.4286157407407407 0.024156250000000056 0.07684259259259255
1 0.9624583333333334 0.4282361111111111 0.02553124999999999 0.07932407407407403
1 0.9882343749999999 0.43672222222222223 0.023531250000000035 0.114
1 0.151734375 0.486125 0.07507291666666666 0.3201574074074074
1 0.21710416666666668 0.5047037037037037 0.07573958333333335 0.3175
1 0.287953125 0.4643240740740741 0.040177083333333384 0.2161666666666667
1 0.3029166666666666 0.5058472222222221 0.06842708333333333 0.27082407407407405
1 0.41020052083333336 0.45493981481481477 0.04636979166666665 0.20826851851851846
1 0.45076041666666666 0.4317638888888889 0.022395833333333334 0.1216574074074074
1 0.4680052083333333 0.46092592592592596 0.03180208333333336 0.1440740740740741
1 0.5258463541666667 0.6591990740740741 0.10893229166666671 0.1321574074074073
2 0.5438958333333334 0.6927175925925926 0.10844791666666674 0.34923148148148153
1 0.5159895833333333 0.46465740740740746 0.03137500000000001 0.17638888888888893