1 0.5263802083333334 0.30839351851851854 0.009333333333333312 0.03782407407407409
3 0.6702213541666666 0.5776898148148147 0.12548437500000004 0.22308333333333333
1 0.667546875 0.48159259259259257 0.11713541666666671 0.310537037037037
1 0.0099140625 0.3252453703703704 0.006109374999999999 0.036361111111111094
3 0.8226718749999999 0.6250138888888889 0.14706250000000007 0.256324074074074
1 0.83671875 0.5070555555555556 0.11277083333333332 0.35009259259259257
1 0.12159114583333333 0.32495833333333335 0.008557291666666656 0.036861111111111115
1 0.21924479166666666 0.32284722222222223 0.005458333333333343 0.028731481481481455
1 0.42211197916666665 0.3630277777777778 0.029140624999999965 0.14051851851851851
1 0.4841796875 0.3116203703703704 0.006223958333333357 0.03137037037037037
1 0.49075520833333336 0.3126944444444445 0.007260416666666695 0.031666666666666655
1 0.5156588541666667 0.3123935185185185 0.0062239583333332975 0.029824074074074107