1 0.540203125 0.5296712962962963 0.010635416666666704 0.05324999999999999
1 0.01484375 0.5032407407407408 0.016145833333333335 0.1712962962962963
1 0.7120520833333334 0.5650740740740741 0.013020833333333334 0.05485185185185186
1 0.7296614583333334 0.5892407407407407 0.01796875 0.09892592592592585
1 0.09191666666666666 0.516425925925926 0.033854166666666664 0.18862962962962965
1 0.7658541666666667 0.6201851851851852 0.03589583333333337 0.14962962962962964
1 0.8067135416666666 0.5741759259259259 0.017343749999999977 0.08477777777777773
1 0.8156380208333334 0.6178611111111111 0.03497395833333326 0.17075925925925922
0 0.8606510416666666 0.6324305555555556 0.032895833333333374 0.08069444444444443
0 0.8862812499999999 0.6643935185185185 0.03876041666666659 0.12013888888888889
1 0.01296875 0.5140277777777778 0.023854166666666666 0.19101851851851848
1 0.06042708333333334 0.5063657407407407 0.045833333333333344 0.211712962962963
1 0.0283203125 0.500375 0.048046875 0.2185092592592592
1 0.5175963541666667 0.5298287037037036 0.010640624999999975 0.055898148148148155