1 0.5763463541666667 0.2878611111111111 0.01647395833333339 0.0676111111111111
1 0.590734375 0.28754629629629624 0.0183229166666667 0.06694444444444446
0 0.07781770833333333 0.31733333333333336 0.032697916666666674 0.09162962962962962
1 0.6845833333333334 0.2911898148148148 0.02062500000000007 0.055398148148148134
1 0.8307682291666666 0.28983796296296294 0.027838541666666692 0.16736111111111107
1 0.8756822916666667 0.31833333333333336 0.033114583333333295 0.12185185185185188
1 0.40121874999999996 0.27792129629629625 0.01735416666666669 0.09286111111111113
1 0.4209166666666667 0.2783796296296296 0.015458333333333307 0.0863888888888889
1 0.45710677083333334 0.2751527777777778 0.01943229166666664 0.10154629629629629
1 0.47309114583333334 0.28319444444444447 0.018401041666666687 0.08675925925925924
2 0.6152682291666667 0.6362407407407409 0.1954010416666667 0.48992592592592604