1 0.07395833333333333 0.6979722222222222 0.14791666666666667 0.6040555555555556
1 0.5521145833333333 0.5289999999999999 0.029104166666666723 0.13644444444444445
1 0.5788281249999999 0.5493981481481481 0.04442708333333331 0.21361111111111114
1 0.6054999999999999 0.5447916666666667 0.034895833333333334 0.20078703703703701
1 0.6227864583333333 0.5440601851851852 0.03536458333333338 0.15854629629629632
1 0.6375494791666666 0.5110370370370371 0.02343229166666667 0.11996296296296302
1 0.6996614583333333 0.5459675925925925 0.028385416666666666 0.15232407407407406
2 0.7411458333333333 0.6401944444444444 0.0709374999999999 0.1815
0 0.7549739583333335 0.5638888888888889 0.055885416666666646 0.07592592592592592
1 0.39768229166666663 0.6018981481481481 0.07973958333333335 0.36120370370370375
1 0.5160234375 0.541425925925926 0.04086979166666668 0.1941851851851852