0 0.24536458333333336 0.7815601851851852 0.4907291666666667 0.4368796296296297
1 0.5350989583333334 0.3599583333333333 0.01438541666666667 0.07637962962962964
1 0.5904192708333333 0.49103240740740745 0.05447395833333341 0.3725648148148148
1 0.672 0.49007407407407405 0.06506250000000004 0.327074074074074
1 0.7058723958333334 0.5314398148148147 0.10725520833333337 0.5871203703703703
1 0.7388958333333334 0.4889861111111111 0.10283333333333336 0.45406481481481475
1 0.7668828125 0.5597731481481482 0.12206770833333327 0.5330462962962963
1 0.8538697916666665 0.5575925925925926 0.09048958333333333 0.4577777777777778
1 0.8900260416666667 0.5256944444444445 0.06786458333333331 0.3699074074074074
1 0.92646875 0.5727962962962962 0.07604166666666666 0.37962962962962965
1 0.9791171875 0.5846990740740741 0.04176562500000003 0.35134259259259265
1 0.5084348958333333 0.508425925925926 0.07448437499999999 0.4242592592592593