2 0.6019270833333333 0.6341203703703703 0.09968750000000005 0.2619444444444444
1 0.6057291666666667 0.4138009259259259 0.010833333333333427 0.05202777777777778
1 0.6390286458333333 0.41474074074074074 0.012505208333333328 0.06388888888888888
1 0.6505182291666666 0.41712962962962963 0.012505208333333328 0.06388888888888888
1 0.08411197916666667 0.39811111111111114 0.019692708333333333 0.09488888888888886
1 0.10573697916666666 0.3889768518518519 0.02477604166666668 0.11204629629629634
1 0.14588020833333334 0.3880416666666667 0.02386458333333333 0.10539814814814813
1 0.2251510416666667 0.4005601851851852 0.022197916666666668 0.0966574074074074
1 0.24968749999999998 0.4013009259259259 0.018125000000000006 0.08962037037037039
1 0.26536458333333335 0.4169907407407408 0.022395833333333334 0.09694444444444443
1 0.2894713541666667 0.4006851851851852 0.016859375000000003 0.0565925925925926
1 0.33239583333333333 0.3990740740740741 0.017291666666666632 0.08814814814814818
1 0.40989583333333335 0.39675925925925926 0.014583333333333334 0.06574074074074074
1 0.4227421875 0.4024027777777778 0.01203645833333334 0.06087962962962963
1 0.055466145833333334 0.3885925925925926 0.02552604166666667 0.10207407407407408
1 0.44166666666666665 0.4009259259259259 0.015625 0.06851851851851852
1 0.4548046875 0.4136574074074074 0.012244791666666663 0.07674074074074073
1 0.47317708333333336 0.4199074074074074 0.0171875 0.08055555555555556
1 0.5257942708333333 0.41909259259259257 0.013401041666666676 0.052018518518518526