1 0.5426562500000001 0.18416666666666667 0.022812499999999975 0.12203703703703704
1 0.5854192708333333 0.18112962962962964 0.0202031250000001 0.12144444444444444
1 0.6269739583333334 0.1879537037037037 0.02063541666666661 0.1166851851851852
1 0.8489583333333334 0.40680555555555553 0.11458333333333333 0.47898148148148145
1 0.23486979166666666 0.15819444444444444 0.013593750000000012 0.06824074074074073
1 0.34401041666666665 0.17777777777777778 0.0234375 0.11166666666666669
1 0.41291666666666665 0.17287037037037037 0.02062500000000001 0.10685185185185185
2 0.5211197916666667 0.7193518518518517 0.19078125000000004 0.5207407407407406
1 0.43577083333333333 0.19241666666666668 0.0171875 0.08055555555555556
1 0.47648697916666666 0.36893518518518525 0.09525520833333333 0.5021296296296297
1 0.4545052083333333 0.17997222222222223 0.021354166666666667 0.11203703703703703
1 0.5011276041666667 0.5249861111111112 0.08857812500000002 0.469287037037037