1 0.5715781249999999 0.2697685185185185 0.018406249999999957 0.10620370370370369
1 0.586203125 0.28367592592592594 0.0394687500000001 0.14468518518518517
1 0.5988385416666666 0.2784027777777778 0.021947916666666602 0.13486111111111113
1 0.62634375 0.26910185185185187 0.026999999999999958 0.16142592592592592
1 0.6841015625 0.2851712962962963 0.022109375000000025 0.08669444444444444
1 0.7037864583333333 0.2747222222222222 0.023572916666666662 0.11500000000000002
1 0.7249010416666667 0.2818333333333333 0.015718750000000035 0.08522222222222219
1 0.3305416666666667 0.25589814814814815 0.007666666666666681 0.036907407407407423
1 0.3626979166666667 0.27625925925925926 0.02147916666666667 0.10174074074074076
1 0.394875 0.2857037037037037 0.02983333333333332 0.15414814814814817
1 0.4172265625 0.26437962962962963 0.01669270833333337 0.07716666666666665
1 0.4515885416666666 0.2650648148148148 0.012447916666666654 0.08042592592592591
3 0.5743124999999999 0.6749583333333332 0.18345833333333333 0.3889722222222223