1 0.5719531250000001 0.4106203703703704 0.01328125 0.06187037037037037
1 0.6204713541666665 0.4205694444444445 0.023734374999999967 0.09226851851851856
0 0.6209479166666667 0.44375462962962964 0.020500000000000067 0.06212037037037035
1 0.6733723958333333 0.41882870370370373 0.020755208333333285 0.07530555555555554
1 0.7158515624999999 0.46852777777777777 0.04892187500000003 0.18868518518518515
0 0.7165963541666667 0.5205046296296296 0.04795312500000008 0.15343518518518517
0 0.8109375 0.4787037037037037 0.03229166666666667 0.08333333333333333
1 0.8119791666666667 0.44027777777777777 0.03333333333333333 0.12129629629629629
3 0.4298958333333333 0.7244907407407408 0.09729166666666664 0.1991666666666667
1 0.43697916666666664 0.616574074074074 0.103125 0.33129629629629626
3 0.5119062500000001 0.6694907407407407 0.08962500000000002 0.1869444444444444
1 0.5083333333333333 0.5691666666666667 0.08229166666666667 0.29018518518518516