0 0.7550286458333333 0.5620509259259259 0.061317708333333346 0.15517592592592586
1 0.7543385416666666 0.4843796296296296 0.057291666666666664 0.19587037037037033
1 0.35080729166666663 0.4898518518518518 0.05977083333333333 0.3011481481481481
1 0.4145312500000001 0.5023703703703705 0.06349999999999997 0.29190740740740745
3 0.45503385416666664 0.47468518518518515 0.036213541666666654 0.05666666666666666
1 0.4543125 0.4428101851851852 0.02852083333333333 0.09021296296296302
1 0.4654921875 0.39058333333333334 0.008671875000000048 0.049870370370370384
1 0.4794583333333333 0.45213888888888887 0.03213541666666663 0.10287037037037039
3 0.48263541666666665 0.481425925925926 0.038395833333333344 0.05998148148148151
1 0.47594791666666664 0.389 0.00866666666666666 0.04035185185185189
1 0.49280208333333336 0.3910509259259259 0.011812499999999974 0.05625