1 0.5599479166666667 0.4064861111111111 0.014479166666666644 0.06499074074074074
1 0.6126562500000001 0.41197222222222224 0.013645833333333357 0.0714259259259259
1 0.07861458333333333 0.44296296296296295 0.033499999999999995 0.13222222222222219
1 0.6240234375 0.4448472222222222 0.017161458333333237 0.1084537037037037
1 0.6332734375 0.4493888888888889 0.02209895833333325 0.1080740740740741
1 0.6830286458333333 0.45372685185185185 0.023734374999999967 0.11532407407407404
1 0.05078125 0.5015509259259259 0.08239583333333332 0.2635648148148148
1 0.15653645833333335 0.4492731481481481 0.04015625000000001 0.1408981481481481
2 0.19092708333333336 0.4733935185185185 0.0414375 0.09028703703703703
1 0.20215885416666665 0.4641666666666666 0.030369791666666666 0.07888888888888888
1 0.20363541666666668 0.4285324074074074 0.018458333333333334 0.10589814814814816
1 0.26742708333333337 0.4323009259259259 0.021187499999999974 0.10280555555555553
1 0.28561979166666673 0.434412037037037 0.018031250000000002 0.09932407407407405
1 0.43225 0.4268194444444444 0.024770833333333363 0.10617592592592588
1 0.4534921875 0.4420787037037037 0.015932291666666685 0.10362037037037033
1 0.4700625 0.446537037037037 0.023729166666666638 0.10007407407407401
1 0.4807708333333333 0.45136111111111116 0.024916666666666684 0.1343148148148148
1 0.06971875000000001 0.450212962962963 0.042854166666666665 0.14809259259259264
1 0.4971510416666666 0.4089398148148148 0.014135416666666659 0.07452777777777773
1 0.512859375 0.4066805555555556 0.014072916666666716 0.07145370370370371