1 0.559265625 0.40573611111111113 0.028031249999999966 0.19889814814814816
1 0.5819505208333332 0.40647222222222223 0.051307291666666664 0.26575925925925925
1 0.6221640624999999 0.37632870370370364 0.04504687500000001 0.2654907407407407
1 0.6564218749999999 0.368125 0.056322916666666716 0.2048611111111111
1 0.21097656250000002 0.5482638888888889 0.1853385416666667 0.5129166666666667
1 0.13932552083333333 0.2909861111111111 0.008359374999999976 0.04125000000000001
1 0.15669010416666668 0.2915 0.00792187499999999 0.039203703703703734
1 0.23070052083333334 0.5875092592592592 0.05886979166666665 0.2919444444444444
2 0.3572994791666667 0.5889444444444444 0.17102604166666666 0.3332222222222222
1 0.4375 0.38675462962962964 0.06041666666666667 0.31445370370370374
1 0.49962760416666663 0.31153703703703706 0.010953124999999985 0.04483333333333335
1 0.5254010416666667 0.3133287037037037 0.014406249999999983 0.06019444444444444