1 0.07518229166666666 0.5331481481481481 0.15036458333333333 0.9337037037037037
1 0.5392708333333334 0.2723611111111111 0.027812499999999928 0.13175925925925927
1 0.5520078125 0.2866851851851852 0.019119791666666684 0.08161111111111109
1 0.5839583333333334 0.2762037037037037 0.022708333333333285 0.10851851851851851
2 0.6296093749999999 0.5916203703703704 0.10296875000000003 0.35916666666666663
3 0.6018125 0.33047222222222217 0.04267708333333336 0.07996296296296292
1 0.6116666666666667 0.2983796296296296 0.03166666666666664 0.15675925925925924
1 0.630625 0.2614351851851852 0.011666666666666714 0.06194444444444445
1 0.6439322916666667 0.2587962962962963 0.017760416666666737 0.0712962962962963
1 0.658828125 0.2523148148148148 0.01776041666666662 0.08055555555555556
1 0.7107994791666667 0.2478148148148148 0.011703125000000014 0.05437037037037037
1 0.7767135416666666 0.2541481481481482 0.010218749999999943 0.052074074074074085
1 0.15981770833333334 0.29814814814814816 0.04880208333333333 0.23333333333333334
1 0.20442708333333334 0.42736111111111114 0.1046875 0.3750925925925926
1 0.19111979166666665 0.28680555555555554 0.05213541666666668 0.2543518518518519
1 0.30078125 0.2761574074074074 0.03177083333333333 0.16157407407407406
1 0.377734375 0.2675925925925926 0.02109375 0.1037037037037037
1 0.4074739583333333 0.26837962962962963 0.023489583333333345 0.12138888888888885
1 0.4266666666666667 0.2634722222222222 0.029374999999999988 0.13638888888888887
1 0.45508072916666664 0.2504166666666667 0.012755208333333339 0.07027777777777776
1 0.46226562499999996 0.24976851851851853 0.008072916666666667 0.06416666666666665
1 0.475 0.25212962962962965 0.014583333333333334 0.07925925925925928
1 0.5127604166666667 0.24703703703703705 0.008541666666666715 0.06888888888888889