1 0.09267708333333333 0.2124074074074074 0.018302083333333326 0.06453703703703703
1 0.17864583333333334 0.2175925925925926 0.020833333333333332 0.12407407407407407
1 0.33515625 0.23462962962962963 0.0171875 0.08074074074074072
1 0.41125 0.2544861111111111 0.028750000000000022 0.1454722222222222
1 0.4288828125 0.3024444444444444 0.03608854166666671 0.20825925925925928
1 0.4388020833333333 0.2587962962962963 0.027604166666666666 0.18611111111111112
2 0.4869765625 0.3922314814814815 0.047296874999999974 0.1459074074074074
1 0.48749479166666665 0.3267361111111111 0.03896874999999997 0.22449074074074077
1 0.48821875 0.40725462962962966 0.0296875 0.11860185185185183
1 0.5006119791666667 0.24159722222222224 0.021421874999999996 0.11587962962962964
1 0.5185677083333334 0.2375462962962963 0.017656249999999988 0.12138888888888891