1 0.5325885416666667 0.4793240740740741 0.009718750000000043 0.05264814814814816
1 0.5511979166666667 0.47347685185185184 0.008229166666666643 0.04489814814814816
1 0.7716692708333334 0.47728240740740746 0.008119791666666742 0.04099074074074078
1 0.39372656250000004 0.5438055555555555 0.02733854166666667 0.15646296296296291
1 0.4163098958333334 0.5543240740740741 0.027901041666666692 0.15190740740740746
1 0.45720833333333327 0.5177453703703704 0.023604166666666693 0.1330277777777778
1 0.4703489583333333 0.5021851851851852 0.01701041666666665 0.09544444444444443
1 0.49865885416666667 0.4836712962962963 0.012682291666666679 0.06099074074074069
2 0.546984375 0.7610925925925927 0.10678125 0.30762962962962964
1 0.5125520833333332 0.48181944444444447 0.012187499999999988 0.06450925925925932
1 0.5216822916666667 0.47839814814814813 0.009593750000000038 0.05203703703703703