2 0.5607447916666667 0.3171527777777778 0.020895833333333395 0.07839814814814816
1 0.5648697916666667 0.29578703703703707 0.01994791666666664 0.10620370370370369
1 0.5833229166666667 0.28268055555555555 0.028156249999999973 0.09886111111111112
1 0.5793906249999999 0.3158796296296296 0.014656250000000053 0.06953703703703701
2 0.6097994791666667 0.29684722222222226 0.031880208333333354 0.07178703703703707
1 0.70021875 0.2741388888888889 0.033104166666666636 0.09098148148148147
1 0.78621875 0.2765833333333333 0.017458333333333322 0.09757407407407405
1 0.8011510416666667 0.28212037037037035 0.018843750000000034 0.09816666666666665
1 0.3767864583333333 0.2846064814814815 0.027468750000000004 0.09615740740740743
1 0.4068880208333333 0.26955555555555555 0.013098958333333322 0.07570370370370369
0 0.4879739583333334 0.3125 0.05790624999999997 0.07018518518518514
1 0.46957552083333337 0.27081944444444445 0.012932291666666687 0.08762037037037039
1 0.487125 0.29185185185185186 0.03137500000000001 0.11314814814814816