1 0.5590520833333333 0.4004537037037037 0.02887499999999991 0.17520370370370372
1 0.7394348958333334 0.34944444444444445 0.010505208333333254 0.045185185185185196
1 0.7505833333333333 0.3521944444444444 0.016541666666666663 0.05987037037037034
1 0.8656510416666667 0.4823518518518518 0.10348958333333336 0.46918518518518515
1 0.9014765625 0.3467037037037037 0.03871354166666663 0.1515925925925926
1 0.9253411458333335 0.33607870370370374 0.01900520833333334 0.09136111111111113
1 0.9449505208333334 0.339287037037037 0.03082812500000003 0.14346296296296296
1 0.9819609375 0.34301851851851856 0.028369791666666564 0.0922962962962963
1 0.40680468750000004 0.4167824074074074 0.04430729166666669 0.21421296296296294
2 0.4186484375 0.47380555555555554 0.049161458333333324 0.16220370370370366
1 0.42446614583333336 0.47199074074074077 0.04294270833333336 0.10157407407407412
1 0.4478645833333334 0.4149305555555556 0.03510416666666665 0.16347222222222219
1 0.48024739583333337 0.4320138888888889 0.03377604166666668 0.1344907407407408
1 0.47865364583333336 0.3777685185185185 0.02102604166666667 0.0855740740740741
1 0.509609375 0.40625 0.03796874999999999 0.17990740740740738