0 0.062239583333333334 0.6310185185185185 0.12447916666666667 0.225
1 0.5314140625 0.4531203703703704 0.01769270833333329 0.09783333333333336
1 0.6480963541666667 0.49744444444444447 0.058286458333333256 0.15396296296296294
1 0.6377994791666667 0.4411388888888889 0.017838541666666666 0.1095740740740741
1 0.12675520833333334 0.5625092592592592 0.09107291666666667 0.5044259259259259
1 0.19173958333333332 0.643175925925926 0.14902083333333332 0.5955000000000001
1 0.29012499999999997 0.5589444444444445 0.08593749999999997 0.5000740740740741
1 0.4351692708333334 0.4704629629629629 0.03966145833333332 0.1985185185185185
1 0.4535416666666666 0.4475 0.03625000000000001 0.12629629629629627
1 0.46609895833333337 0.4485740740740741 0.023739583333333356 0.1106666666666667
2 0.49088020833333335 0.4730648148148148 0.041468750000000006 0.07738888888888892
1 0.5205520833333334 0.44579629629629636 0.020666666666666642 0.11025925925925925