1 0.017005208333333334 0.5396296296296296 0.03401041666666667 0.2607407407407408
1 0.6809895833333334 0.5362824074074074 0.05260416666666667 0.1955833333333333
1 0.717265625 0.5348333333333334 0.02411458333333331 0.10107407407407415
1 0.7366354166666668 0.5357037037037037 0.03766666666666663 0.10248148148148144
1 0.8531510416666667 0.5439259259259259 0.029885416666666723 0.1880740740740741
1 0.9402734375 0.5965972222222222 0.08507812499999995 0.2814351851851851
2 0.14942447916666665 0.6117638888888888 0.097390625 0.20202777777777772
1 0.13700260416666668 0.582388888888889 0.04930729166666666 0.08987037037037032
1 0.137 0.5189814814814815 0.04433333333333335 0.2064814814814815
1 0.2201796875 0.5478333333333333 0.06870312499999999 0.2891481481481481
1 0.06481510416666666 0.5125092592592593 0.06608854166666665 0.1749814814814815