1 0.013809895833333334 0.48839351851851853 0.026921874999999998 0.11963888888888892
1 0.5613125 0.5657407407407408 0.0203125 0.09814814814814815
1 0.5776510416666667 0.5711990740740741 0.0176145833333333 0.08963888888888884
1 0.6242083333333334 0.6011944444444444 0.02575000000000003 0.0933518518518519
1 0.8553854166666668 0.6958472222222222 0.03068749999999992 0.1820092592592592
1 0.9174739583333333 0.6778518518518519 0.03958333333333333 0.19444444444444445
1 0.18153645833333334 0.6096388888888888 0.053125 0.17222222222222222
1 0.34735416666666663 0.7130416666666667 0.07175 0.20465740740740737
1 0.3686328125000001 0.5224907407407408 0.008255208333333345 0.04261111111111109
1 0.37829427083333333 0.5282407407407408 0.009036458333333346 0.0477777777777777
1 0.40043229166666666 0.5371157407407408 0.013541666666666667 0.06484259259259256
1 0.4708046875 0.5399398148148148 0.015786458333333364 0.05745370370370366
1 0.5131458333333333 0.5670833333333334 0.027249999999999965 0.12694444444444447