1 0.07525781250000001 0.3716527777777778 0.016567708333333334 0.08150925925925924
1 0.10020572916666666 0.37060648148148145 0.021046875 0.07545370370370372
1 0.9527838541666667 0.5081018518518519 0.09443229166666664 0.6680555555555555
1 0.17232552083333333 0.4275925925925926 0.054203125 0.24407407407407408
1 0.20119270833333333 0.39782407407407405 0.04251041666666667 0.16231481481481477
1 0.2891197916666667 0.5846435185185185 0.15967708333333333 0.6799722222222222
0 0.41410937499999995 0.4268981481481481 0.10605208333333334 0.12824074074074068
1 0.05443489583333334 0.37427314814814816 0.021651041666666662 0.07923148148148147
1 0.4849479166666667 0.4303287037037037 0.04385416666666669 0.19156481481481485
2 0.5594088541666667 0.7069074074074074 0.15506770833333333 0.5404444444444444
0 0.5619895833333334 0.39941203703703704 0.08966666666666659 0.11413888888888887