1 0.009270833333333334 0.29559722222222223 0.018541666666666668 0.07806481481481482
1 0.110703125 0.29055555555555557 0.019322916666666665 0.10333333333333336
1 0.24506510416666666 0.4179675925925926 0.10580729166666668 0.34758333333333336
1 0.28225260416666664 0.30285648148148153 0.018765625000000046 0.058287037037037026
1 0.2973697916666667 0.29278703703703707 0.028072916666666656 0.08609259259259255
1 0.33409895833333336 0.4077453703703704 0.07982291666666666 0.28247222222222224
1 0.35457031250000004 0.2911990740740741 0.01658854166666668 0.08352777777777781
0 0.4539635416666667 0.4413888888888889 0.1026979166666667 0.18203703703703705
1 0.4555729166666667 0.37931018518518517 0.07677083333333332 0.24971296296296297
0 0.4917708333333334 0.3461527777777778 0.07833333333333332 0.10825000000000003
0 0.5296276041666667 0.2954259259259259 0.036994791666666714 0.0434074074074074