1 0.04010416666666667 0.5646203703703704 0.08020833333333334 0.7513148148148148
1 0.5544869791666667 0.28758333333333336 0.01331770833333342 0.06335185185185187
1 0.5677994791666666 0.28391666666666665 0.011380208333333286 0.07124074074074074
1 0.63828125 0.46796296296296297 0.0984375 0.3877777777777777
2 0.7392239583333333 0.5796898148148149 0.0967708333333333 0.2886018518518518
1 0.7746875000000001 0.4991666666666667 0.08270833333333331 0.5353703703703704
1 0.8561354166666667 0.5108518518518519 0.08854166666666667 0.5083333333333333
1 0.9068958333333333 0.5815833333333333 0.06514583333333329 0.3199814814814815
1 0.14270833333333333 0.4736111111111111 0.06666666666666667 0.3435185185185185
1 0.21229166666666668 0.4754953703703703 0.0734375 0.3562314814814814
1 0.23376562500000003 0.2969074074074074 0.027781249999999987 0.14044444444444446
1 0.25723697916666666 0.31066203703703704 0.026255208333333346 0.14571296296296296
1 0.36489583333333336 0.5012037037037037 0.1202083333333333 0.5875925925925927
1 0.41579687499999995 0.2938796296296296 0.014020833333333312 0.06559259259259256
1 0.437625 0.2901898148148148 0.012666666666666633 0.06815740740740736
1 0.49182812499999995 0.5119537037037036 0.10978125000000004 0.581462962962963
1 0.46265364583333335 0.2884583333333333 0.016234374999999978 0.06121296296296292