1 0.5273697916666666 0.2618611111111111 0.01136458333333336 0.04722222222222222
1 0.544046875 0.2584490740740741 0.01165624999999994 0.056675925925925935
1 0.6351328125 0.44972222222222225 0.06681770833333331 0.4525925925925926
1 0.14045572916666668 0.40694444444444444 0.05190104166666667 0.2564814814814815
1 0.18284635416666667 0.4039259259259259 0.031078124999999977 0.14659259259259258
1 0.19679166666666667 0.3852592592592593 0.028562499999999987 0.14507407407407408
1 0.23790624999999999 0.33008796296296294 0.03210416666666669 0.12037962962962963
1 0.3247083333333334 0.3090138888888889 0.02766666666666667 0.15234259259259259
1 0.35181250000000003 0.29300925925925925 0.027604166666666666 0.12777777777777777
1 0.45328124999999997 0.4668425925925926 0.07781249999999999 0.39964814814814814
1 0.51875 0.362962962962963 0.04791666666666667 0.19814814814814816