0 0.5788229166666667 0.45396296296296296 0.05350000000000001 0.06170370370370375
1 0.5823437499999999 0.447212962962963 0.016874999999999928 0.12594444444444441
2 0.5940572916666668 0.4756111111111111 0.034593749999999916 0.0885925925925926
1 0.5914322916666667 0.4757361111111112 0.018177083333333382 0.05426851851851853
1 0.6942369791666666 0.4793888888888889 0.04110937500000003 0.1545555555555556
1 0.33557291666666667 0.4075462962962963 0.018020833333333344 0.1039814814814815
1 0.3913359375 0.4114351851851852 0.018369791666666656 0.07916666666666666
1 0.4307734375 0.4097824074074074 0.008869791666666653 0.051361111111111135
1 0.4628203125 0.4154537037037037 0.012901041666666658 0.07742592592592593
1 0.4747682291666667 0.4166759259259259 0.010984375000000017 0.0772037037037037
0 0.4841197916666667 0.45037037037037037 0.024156249999999997 0.072037037037037
1 0.48534635416666666 0.42012962962962963 0.024723958333333348 0.10344444444444446