1 0.5834843749999999 0.26098611111111114 0.020010416666666704 0.0780277777777778
1 0.6004765625 0.25654166666666667 0.016546874999999992 0.07099074074074073
1 0.60915625 0.2507731481481481 0.012104166666666671 0.07475
1 0.6708125 0.2516759259259259 0.01954166666666666 0.06479629629629631
1 0.6897291666666666 0.23586574074074076 0.010749999999999933 0.05049074074074074
1 0.7033463541666667 0.25726851851851856 0.01726562500000005 0.07435185185185186
1 0.7533619791666666 0.31083796296296295 0.03223437500000005 0.18943518518518518
1 0.7436406249999999 0.23489351851851853 0.011447916666666676 0.04502777777777777
1 0.7789166666666667 0.25474074074074077 0.016145833333333335 0.07037037037037037
1 0.85984375 0.2616666666666667 0.02958333333333331 0.08277777777777778
1 0.9914322916666667 0.26875 0.017135416666666715 0.09361111111111113
1 0.3031171875 0.28144907407407405 0.05053645833333332 0.21932407407407406
1 0.3248098958333333 0.26058333333333333 0.01711979166666667 0.08081481481481481
1 0.3506640625 0.2784398148148148 0.04377604166666664 0.194787037037037
1 0.39503645833333334 0.3743611111111111 0.09375 0.4188703703703704
2 0.4525234375 0.7597175925925926 0.17077604166666666 0.48056481481481483