0 0.1699609375 0.9250185185185185 0.339921875 0.149962962962963
1 0.5409375 0.46907870370370375 0.013489583333333261 0.06530555555555559
1 0.5523385416666666 0.47667129629629623 0.016781249999999897 0.08332407407407404
1 0.5656796875 0.4855555555555555 0.025307291666666742 0.11222222222222221
1 0.6228072916666666 0.47898148148148145 0.02063541666666661 0.09907407407407402
1 0.6542760416666666 0.47856944444444444 0.02644791666666665 0.12323148148148146
3 0.304140625 0.6247638888888889 0.06380208333333333 0.17841666666666672
1 0.3089921875 0.6033148148148147 0.04493229166666666 0.1654074074074074
1 0.47957812499999997 0.5244861111111111 0.04251041666666667 0.16454629629629627
1 0.48341406249999996 0.5074814814814814 0.026901041666666656 0.14185185185185178
1 0.5125052083333334 0.47129166666666666 0.011000000000000003 0.051287037037037075
1 0.5273489583333333 0.4848148148148148 0.023635416666666666 0.1