1 0.5840234374999999 0.4983935185185185 0.04945312500000002 0.2650648148148148
1 0.6288151041666666 0.5342453703703703 0.05528645833333338 0.3120648148148148
1 0.8392213541666665 0.44475462962962964 0.01171354166666667 0.049287037037037004
1 0.8995833333333333 0.6110416666666666 0.10895833333333335 0.4375462962962964
1 0.190046875 0.4629861111111111 0.034895833333333334 0.19365740740740744
1 0.2349036458333333 0.481412037037037 0.03488020833333335 0.18662037037037044
1 0.2680208333333333 0.4709212962962963 0.035520833333333356 0.20834259259259263
1 0.29537760416666664 0.5136481481481482 0.04778645833333333 0.26714814814814813
1 0.33313020833333334 0.510912037037037 0.08498958333333337 0.35650925925925925
1 0.3764557291666667 0.5164583333333334 0.050838541666666674 0.28763888888888894
1 0.423046875 0.5268518518518519 0.054427083333333334 0.27037037037037037
1 0.44816927083333336 0.5479027777777777 0.03751562499999998 0.19400925925925924
1 0.4550859375 0.4772222222222222 0.03982812500000001 0.20166666666666663
1 0.491703125 0.4887268518518519 0.028260416666666663 0.1831018518518519
1 0.5037265625 0.5044351851851852 0.03640104166666666 0.21946296296296294
1 0.5554166666666667 0.5164444444444445 0.07541666666666665 0.3532222222222222