1 0.6078098958333332 0.4474722222222222 0.08093229166666673 0.3902407407407407
1 0.64375 0.37425 0.0375 0.21111111111111117
1 0.684453125 0.45799537037037036 0.09182291666666664 0.3969722222222222
1 0.929015625 0.6860925925925926 0.14196874999999995 0.6278148148148148
1 0.1619609375 0.5728796296296297 0.10784895833333333 0.5649814814814814
2 0.23763802083333332 0.6250509259259259 0.137328125 0.26249074074074075
1 0.3534583333333334 0.4696666666666667 0.089125 0.36362962962962964
1 0.4146432291666667 0.4738101851851852 0.07488020833333332 0.3721944444444445
1 0.440265625 0.41991203703703706 0.053531250000000044 0.2794351851851852
1 0.48068229166666665 0.41388888888888886 0.049364583333333316 0.2996296296296296
1 0.503125 0.4706018518518518 0.06770833333333333 0.3875
1 0.5536458333333333 0.4880185185185186 0.08854166666666667 0.4428518518518519