0 0.12794270833333335 0.6032962962962962 0.2558854166666667 0.35100000000000003
1 0.6491354166666667 0.3458055555555556 0.02556250000000008 0.1395
1 0.6918124999999999 0.3679768518518518 0.0408541666666667 0.19719444444444442
1 0.6995989583333333 0.4587222222222222 0.05361458333333336 0.2379259259259259
1 0.7860729166666667 0.42634722222222227 0.055375000000000084 0.22897222222222224
1 0.8090260416666666 0.4276898148148148 0.07409375 0.26202777777777775
1 0.33034114583333335 0.4257361111111111 0.03901562500000004 0.20778703703703705
3 0.39489062500000005 0.5173287037037038 0.12485416666666663 0.16212037037037036
1 0.3924739583333333 0.47524537037037035 0.07171874999999997 0.18784259259259264
1 0.40919531249999996 0.43945370370370374 0.034109375000000004 0.22072222222222215
1 0.44035156249999996 0.39299074074074075 0.014401041666666654 0.0705
1 0.496890625 0.40504629629629635 0.023927083333333363 0.14287037037037037