1 0.5455026041666666 0.4911666666666667 0.013651041666666686 0.0915
1 0.6361197916666667 0.6509305555555556 0.08265625000000003 0.43925000000000003
1 0.688640625 0.5447129629629629 0.029802083333333347 0.16707407407407407
1 0.7232187499999999 0.6547685185185185 0.07616666666666667 0.3984259259259259
0 0.7980286458333333 0.6122685185185185 0.08477604166666666 0.13194444444444445
0 0.9056588541666667 0.6405185185185185 0.08961979166666675 0.19877777777777783
0 0.978125 0.6568055555555555 0.04375 0.21731481481481485
1 0.2307109375 0.54425 0.03586979166666667 0.16983333333333334
1 0.3126302083333333 0.5184722222222222 0.01973958333333338 0.07194444444444438
1 0.32493489583333335 0.5198611111111111 0.019609375000000047 0.06787037037037043
1 0.3477760416666667 0.5521712962962964 0.03017708333333336 0.19713888888888886
1 0.4290260416666667 0.5218657407407408 0.016843750000000015 0.1014537037037037
1 0.43926041666666665 0.5197685185185186 0.022312499999999957 0.1050925925925926
1 0.45321354166666666 0.5174490740740741 0.023052083333333327 0.10676851851851853
1 0.49387760416666665 0.5209212962962964 0.023046875 0.10676851851851853
1 0.5074583333333333 0.5625046296296297 0.03654166666666665 0.1981388888888889