1 0.020497395833333334 0.49024074074074075 0.040671875 0.22896296296296298
1 0.08270052083333333 0.47453703703703703 0.05803645833333334 0.2175925925925926
1 0.5582213541666666 0.48664814814814816 0.03751562499999998 0.2444814814814815
1 0.5998463541666667 0.5313194444444445 0.05145312499999998 0.2981018518518518
1 0.6882161458333333 0.653111111111111 0.1284635416666667 0.6865555555555555
1 0.6482317708333334 0.504712962962963 0.04647395833333334 0.26807407407407413
1 0.7362369791666665 0.5842268518518519 0.07867187499999997 0.42691666666666667
1 0.8258958333333334 0.6392407407407408 0.1068541666666666 0.5694814814814815
1 0.8339739583333333 0.5960787037037037 0.1174895833333333 0.5142685185185186
1 0.9087031250000001 0.40758796296296296 0.020093749999999962 0.07519444444444448
1 0.9664869791666667 0.5793055555555555 0.06556770833333327 0.44749999999999995
1 0.22259635416666665 0.4191203703703704 0.02602604166666668 0.13990740740740742
1 0.04385677083333333 0.45669444444444446 0.030098958333333328 0.14938888888888888
1 0.41150000000000003 0.5346342592592592 0.05845833333333334 0.34536111111111106
1 0.43610156250000004 0.4881157407407407 0.034359374999999956 0.21710185185185182
1 0.47769531249999997 0.5017731481481481 0.0398177083333333 0.21293518518518514
1 0.5030989583333334 0.4936435185185185 0.046614583333333334 0.2930833333333333
1 0.59 0.6584583333333334 0.15182291666666667 0.33821296296296294
3 0.6098307291666667 0.7653194444444446 0.18776562500000005 0.33600925925925923