1 0.5615494791666666 0.5371944444444444 0.0719010416666667 0.2567222222222222
1 0.5461197916666668 0.4545046296296296 0.020406250000000032 0.09180555555555558
1 0.6188932291666667 0.6700231481481481 0.0785677083333334 0.4490277777777778
1 0.5927083333333333 0.45518518518518514 0.016666666666666666 0.0809259259259259
1 0.676375 0.5550416666666668 0.04954166666666673 0.26436111111111116
1 0.7083385416666667 0.5892962962962962 0.06780208333333325 0.32659259259259255
1 0.7420755208333333 0.5265462962962962 0.041682291666666656 0.22431481481481474
1 0.8397916666666667 0.5975462962962963 0.08687499999999998 0.3450925925925926
1 0.8513203125 0.6012638888888889 0.05288020833333332 0.29063888888888884
1 0.951953125 0.609287037037037 0.06432291666666666 0.2769814814814815
1 0.9758619791666666 0.5961759259259259 0.04827604166666669 0.26357407407407407
1 0.25784114583333334 0.41724537037037035 0.023484375000000016 0.10217592592592595
1 0.2797916666666667 0.41747685185185185 0.019999999999999987 0.10819444444444447
1 0.3256770833333333 0.6007407407407407 0.07531250000000002 0.36259259259259263
1 0.37079166666666663 0.43300925925925926 0.02070833333333333 0.09379629629629625
1 0.384578125 0.4346666666666666 0.019802083333333324 0.096037037037037
1 0.3956354166666667 0.43693518518518515 0.013312499999999972 0.08798148148148147
2 0.4189270833333333 0.4579444444444445 0.017531249999999984 0.059500000000000046
1 0.41927604166666665 0.4327870370370371 0.016968749999999963 0.09572222222222222
1 0.41919270833333333 0.45605555555555555 0.011333333333333329 0.04564814814814821
1 0.4489739583333333 0.44540740740740736 0.022885416666666696 0.1054814814814815
1 0.45726822916666665 0.4431527777777778 0.01346354166666668 0.09099074074074072
1 0.47484375 0.4464537037037037 0.019062500000000013 0.09412962962962965
1 0.49096354166666667 0.4547407407407407 0.01942708333333331 0.10644444444444448
1 0.510828125 0.573462962962963 0.04136458333333331 0.18937037037037036
1 0.5029583333333334 0.447087962962963 0.016645833333333294 0.10200925925925933
1 0.5243229166666666 0.4475046296296296 0.016645833333333294 0.08389814814814817