1 0.5809010416666667 0.540699074074074 0.10471874999999997 0.2785648148148148
3 0.5727005208333333 0.6259537037037036 0.08253645833333328 0.19727777777777772
3 0.657921875 0.6147685185185185 0.09615624999999994 0.18007407407407408
1 0.6558333333333334 0.5416111111111112 0.07811458333333335 0.2711851851851852
1 0.6839739583333333 0.40429629629629626 0.031208333333333373 0.10455555555555557
1 0.3277265625 0.45644907407407403 0.047817708333333306 0.26312037037037034
1 0.41996614583333336 0.4066666666666667 0.01661979166666665 0.06505555555555555
0 0.42041927083333336 0.42347685185185185 0.01640104166666667 0.0481574074074074
1 0.4532630208333333 0.4209907407407407 0.04496354166666663 0.15016666666666667
0 0.4544036458333333 0.46750925925925924 0.04442187500000004 0.10581481481481479
1 0.4856171875 0.40914814814814815 0.016463541666666675 0.06935185185185183
0 0.4862916666666667 0.4252592592592592 0.017635416666666674 0.0488888888888889
1 0.5365078125 0.4331527777777778 0.0331302083333334 0.1627870370370371