2 0.5460677083333334 0.4280231481481481 0.0460208333333334 0.11156481481481482
1 0.5424791666666666 0.41368055555555555 0.026895833333333386 0.06374999999999997
1 0.5538541666666668 0.3888888888888889 0.04208333333333331 0.1537037037037037
1 0.5865598958333333 0.42403703703703705 0.02301562500000003 0.1025370370370371
1 0.649296875 0.39842592592592596 0.03192708333333331 0.15981481481481483
1 0.6810546875 0.41394907407407405 0.027494791666666647 0.12378703703703699
1 0.205546875 0.34425925925925926 0.015989583333333328 0.06388888888888888
1 0.25580729166666666 0.5834722222222222 0.10640624999999998 0.6428703703703703
1 0.08776041666666666 0.4703703703703704 0.0953125 0.3074074074074074
1 0.4395833333333333 0.3975 0.025312499999999953 0.16796296296296295
1 0.519921875 0.39759259259259255 0.029531249999999964 0.17037037037037037