1 0.07070833333333333 0.4847175925925926 0.03597916666666667 0.12371296296296293
1 0.5699375 0.4224722222222222 0.034916666666666644 0.1672777777777778
1 0.0255 0.5082638888888888 0.03941666666666666 0.17939814814814808
1 0.7326901041666666 0.31289351851851854 0.008786458333333394 0.05625
1 0.8676302083333333 0.3448888888888889 0.037968749999999926 0.08985185185185188
1 0.8790052083333334 0.290324074074074 0.008031250000000038 0.04416666666666665
1 0.8931875 0.3301111111111111 0.030916666666666613 0.12885185185185188
1 0.109921875 0.47905555555555557 0.041093750000000005 0.1328148148148148
1 0.9793489583333332 0.2866296296296296 0.01453124999999993 0.06877777777777776
1 0.16945052083333334 0.542800925925926 0.06880729166666665 0.28365740740740736
1 0.3237369791666667 0.47088425925925925 0.053359374999999966 0.26008333333333333