0 0.06041666666666667 0.6049537037037037 0.12083333333333333 0.16342592592592592
1 0.5770338541666666 0.4793611111111111 0.009296874999999953 0.04590740740740739
1 0.5946875000000001 0.4881342592592593 0.007708333333333309 0.0389166666666667
0 0.6363541666666668 0.5146111111111111 0.05010416666666669 0.058370370370370336
1 0.6322916666666667 0.49659259259259264 0.019166666666666762 0.08125925925925931
1 0.930546875 0.675 0.1140625 0.65
1 0.9593802083333334 0.5511759259259259 0.08123958333333334 0.3695740740740741
1 0.21467708333333332 0.5408611111111111 0.028562500000000015 0.16920370370370372
1 0.2380729166666667 0.5477546296296296 0.03583333333333334 0.18023148148148146
1 0.27447916666666666 0.5388888888888889 0.03854166666666667 0.19814814814814816
1 0.3386927083333333 0.5376666666666667 0.04626041666666669 0.19429629629629633
1 0.43307291666666664 0.5324074074074074 0.0359375 0.20555555555555555
3 0.4440286458333333 0.5825972222222221 0.05049479166666669 0.09249074074074073
1 0.47481510416666667 0.5089814814814815 0.018390624999999973 0.11796296296296294
1 0.49084375 0.5325740740740741 0.01612499999999996 0.10799999999999998
1 0.501796875 0.5131342592592593 0.018802083333333344 0.11484259259259262