1 0.057604166666666665 0.4629305555555555 0.11520833333333333 0.609324074074074
0 0.06708333333333334 0.6741805555555556 0.13416666666666668 0.468675925925926
1 0.7086458333333333 0.20273148148148148 0.027812499999999928 0.04731481481481481
3 0.24866927083333337 0.7455370370370371 0.17450520833333333 0.31587037037037036
1 0.2662786458333333 0.563 0.19754687499999998 0.441962962962963
0 0.321328125 0.3493101851851852 0.04348958333333333 0.11619444444444445
1 0.3276979166666667 0.3198611111111111 0.05022916666666664 0.1639814814814815
1 0.37293229166666664 0.47914351851851855 0.12715625 0.3650462962962963
3 0.38747656249999995 0.6038194444444445 0.13325520833333335 0.3229166666666667
1 0.3704635416666667 0.2796296296296296 0.026572916666666658 0.11462962962962961
1 0.45230468749999997 0.27242592592592596 0.01648437499999999 0.046814814814814816