0 0.14597135416666665 0.39006018518518515 0.176390625 0.22136111111111106
1 0.6379973958333333 0.3097037037037037 0.025776041666666673 0.07207407407407405
3 0.7387187500000001 0.4180833333333333 0.05534375 0.09507407407407407
1 0.7370572916666667 0.3665601851851852 0.04901041666666674 0.13076851851851853
1 0.9186171875 0.27437037037037043 0.017234374999999958 0.07181481481481482
1 0.939734375 0.27343518518518517 0.015010416666666634 0.07387037037037038
1 0.9552421875 0.2728888888888889 0.013890625000000038 0.07088888888888889
0 0.10991927083333333 0.4038009259259259 0.19818229166666665 0.24591666666666664
1 0.40395312499999997 0.27217592592592593 0.013843750000000021 0.09305555555555556
1 0.42028125000000005 0.2730092592592593 0.017979166666666716 0.10527777777777776
1 0.43657552083333334 0.2766342592592593 0.016640625000000023 0.10228703703703704
1 0.452609375 0.2802777777777778 0.01863541666666665 0.09685185185185184