1 0.5659348958333333 0.11999537037037036 0.018546875000000067 0.10741666666666666
1 0.5967734375 0.13084722222222223 0.017286458333333362 0.08262037037037037
1 0.6071249999999999 0.13174074074074074 0.012625000000000004 0.07355555555555555
1 0.6198385416666667 0.13208796296296296 0.01469791666666668 0.07693518518518518
1 0.629578125 0.1298148148148148 0.016677083333333325 0.09111111111111111
1 0.6580156250000001 0.13935185185185187 0.017708333333333333 0.09722222222222222
1 0.698 0.14450462962962962 0.02962499999999994 0.16839814814814816
1 0.7254036458333334 0.1408888888888889 0.03742187500000007 0.1872962962962963
1 0.9534635416666667 0.22425925925925924 0.09307291666666669 0.4485185185185185
0 0.21383333333333335 0.17671296296296293 0.10399999999999997 0.14025925925925922
1 0.25929687500000004 0.1430462962962963 0.04880208333333336 0.2579814814814815
1 0.31904687499999995 0.1459537037037037 0.03765625000000004 0.17903703703703705
1 0.3386223958333333 0.16125462962962964 0.03436979166666667 0.21786111111111112
1 0.3413098958333334 0.14631944444444442 0.036161458333333306 0.20828703703703702
1 0.37518489583333337 0.16776388888888888 0.030880208333333315 0.10006481481481481
1 0.39436458333333335 0.17905555555555555 0.03237499999999998 0.08544444444444445
1 0.43307291666666664 0.1570324074074074 0.028645833333333332 0.15000925925925926
1 0.44783072916666666 0.15435648148148146 0.027359374999999984 0.1807314814814815
1 0.4743046875 0.15550462962962963 0.03566145833333335 0.18158333333333335
1 0.5129817708333333 0.14868055555555554 0.03039062500000001 0.17671296296296296
1 0.5343020833333333 0.15127777777777776 0.03202083333333328 0.17448148148148152