1 0.012161458333333335 0.2165787037037037 0.02432291666666667 0.09443518518518516
1 0.15828385416666665 0.20500000000000002 0.03145312500000002 0.14333333333333334
1 0.16992968749999998 0.2003425925925926 0.030869791666666656 0.14227777777777778
1 0.030138020833333334 0.20920833333333333 0.026109375000000004 0.0893611111111111
1 0.20233333333333334 0.2144537037037037 0.0296875 0.10075925925925926
1 0.22522395833333334 0.20424074074074075 0.033614583333333316 0.1481851851851852
1 0.23071614583333336 0.20398148148148149 0.018776041666666674 0.1301851851851852
0 0.24895833333333334 0.2601851851851852 0.03125 0.10185185185185185
1 0.25792708333333336 0.22187962962962962 0.029916666666666696 0.09790740740740742
1 0.2783333333333333 0.22568518518518518 0.02302083333333336 0.09307407407407409
1 0.3041901041666667 0.2266388888888889 0.026723958333333363 0.09635185185185186
1 0.42835156249999995 0.21898148148148147 0.03600520833333333 0.15037037037037035
2 0.5636171875 0.665175925925926 0.18119270833333326 0.4809444444444445
1 0.5487057291666666 0.475175925925926 0.09956770833333331 0.398537037037037