1 0.5563958333333333 0.2643564814814815 0.03314583333333327 0.18165740740740743
1 0.5997786458333333 0.31699074074074074 0.06929687499999998 0.3025
1 0.6304973958333332 0.24318518518518517 0.02702604166666672 0.14011111111111113
1 0.6662734374999999 0.259212962962963 0.025786458333333328 0.14620370370370367
1 0.752625 0.2696435185185185 0.039541666666666704 0.18274999999999997
1 0.7742708333333332 0.2624490740740741 0.0265625 0.16102777777777774
1 0.8167734375 0.2793472222222222 0.039369791666666626 0.17630555555555552
1 0.9089947916666666 0.3025462962962963 0.04617708333333326 0.22342592592592592
1 0.9516640625000001 0.2809537037037037 0.029171874999999996 0.14957407407407405
1 0.9852786458333334 0.3143009259259259 0.02944270833333332 0.19806481481481478
1 0.3866458333333333 0.33588425925925924 0.08483333333333333 0.4545277777777778
1 0.40494270833333335 0.30537962962962956 0.04938541666666663 0.28812962962962957
1 0.47024739583333336 0.18548148148148147 0.012942708333333285 0.07088888888888889
1 0.5218359375 0.2632453703703704 0.04153645833333333 0.22628703703703704