0 0.561578125 0.47172685185185187 0.022854166666666724 0.06604629629629628
1 0.5627864583333333 0.45333333333333337 0.021406249999999953 0.10481481481481486
1 0.6159374999999999 0.4293518518518519 0.017083333333333308 0.07666666666666667
1 0.7490416666666666 0.48412037037037037 0.05037500000000002 0.13990740740740737
2 0.8803151041666666 0.7362037037037036 0.13823437500000005 0.305
1 0.2372526041666667 0.586212962962963 0.09236979166666667 0.42312962962962963
0 0.3296953125 0.4706481481481481 0.029984374999999966 0.06962962962962962
1 0.33058333333333334 0.43967592592592597 0.025 0.09101851851851853
1 0.387328125 0.4480972222222222 0.022635416666666627 0.09639814814814816
1 0.4260755208333334 0.43689351851851854 0.01860937499999995 0.10287962962962958
1 0.4507552083333334 0.4519907407407407 0.020260416666666656 0.10620370370370369
1 0.46465364583333335 0.44264351851851846 0.01225520833333332 0.09026851851851847
1 0.4800520833333334 0.44983796296296297 0.02041666666666663 0.11032407407407405