0 0.11276041666666667 0.6344166666666666 0.22552083333333334 0.38542592592592584
1 0.5444270833333333 0.3254398148148148 0.02374999999999995 0.12875
1 0.5615807291666667 0.3627222222222222 0.04038020833333332 0.21899999999999997
1 0.5874661458333333 0.3363703703703703 0.0234010416666667 0.11892592592592592
1 0.6148333333333333 0.31504166666666666 0.015645833333333314 0.08473148148148148
1 0.6311171874999999 0.32128703703703704 0.02266145833333333 0.10557407407407406
1 0.6464817708333332 0.320875 0.01641145833333333 0.08991666666666667
1 0.6811432291666667 0.368537037037037 0.046776041666666636 0.19974074074074072
1 0.6667109375 0.3229722222222222 0.01668229166666665 0.08479629629629633
1 0.8092187499999999 0.4926157407407407 0.09520833333333331 0.5197685185185186
3 0.14647656250000002 0.5730879629629629 0.24767187499999999 0.4304907407407407
1 0.26641927083333333 0.3986064814814815 0.059453125000000016 0.14075
1 0.4721041666666667 0.355787037037037 0.05266666666666667 0.2162037037037037