1 0.015736979166666668 0.3847546296296296 0.019473958333333333 0.05574999999999998
1 0.6314270833333334 0.4264259259259259 0.017145833333333253 0.0864074074074074
1 0.7105833333333335 0.43606018518518513 0.03185416666666671 0.10065740740740739
1 0.8885286458333332 0.4521018518518518 0.05138020833333326 0.15135185185185182
1 0.24704427083333333 0.4126435185185185 0.021744791666666666 0.11712037037037033
1 0.30923958333333335 0.4178472222222222 0.0277708333333333 0.14023148148148148
1 0.3322395833333333 0.44134259259259256 0.01864583333333331 0.09749999999999996
1 0.35942708333333334 0.4348888888888888 0.0203125 0.10740740740740735
1 0.3696927083333333 0.4328148148148148 0.022281250000000044 0.10825925925925922
1 0.3836510416666667 0.4442453703703703 0.018739583333333344 0.09169444444444443
1 0.046614583333333334 0.3875 0.0171875 0.0712962962962963
1 0.40753125 0.43371296296296297 0.030458333333333344 0.13553703703703704
1 0.42516927083333333 0.4580138888888889 0.016432291666666703 0.09304629629629625
1 0.4457317708333334 0.4578194444444445 0.01707812500000004 0.09102777777777778
1 0.06127343750000001 0.39490740740740743 0.023703125000000002 0.05851851851851856