1 0.53453125 0.3795 0.011666666666666655 0.08729629629629627
1 0.6261249999999999 0.39256018518518515 0.015041666666666604 0.09525
1 0.6377604166666667 0.3894444444444445 0.0203125 0.09925925925925926
1 0.6735494791666667 0.3912453703703703 0.01935937499999992 0.1073240740740741
1 0.6791692708333333 0.4051851851851852 0.018276041666666624 0.12429629629629631
1 0.6905651041666666 0.3981898148148148 0.016890624999999916 0.1323240740740741
1 0.7235807291666667 0.39648611111111115 0.01648437499999993 0.1088796296296296
0 0.93590625 0.5238564814814815 0.09141666666666666 0.17432407407407405
3 0.1878203125 0.7614074074074073 0.15381770833333333 0.31948148148148153
1 0.23333333333333334 0.6305092592592593 0.22083333333333333 0.4369444444444444
1 0.3234375 0.5710185185185186 0.11979166666666667 0.37351851851851847
3 0.33364322916666667 0.6801851851851852 0.131734375 0.2653333333333333
0 0.39021354166666666 0.3925277777777778 0.041552083333333316 0.050129629629629614
1 0.5015625 0.38035648148148143 0.019375000000000024 0.11521296296296298
1 0.5056171875000001 0.3851712962962963 0.01608854166666666 0.10284259259259258
1 0.5163359375 0.3845 0.011598958333333324 0.07859259259259259