1 0.5558072916666668 0.18569444444444447 0.011302083333333357 0.05842592592592592
1 0.5675312499999999 0.1846759259259259 0.009958333333333395 0.048537037037037024
1 0.5769401041666666 0.18522222222222223 0.010088541666666728 0.04875925925925926
1 0.6572109375 0.18946296296296297 0.013901041666666695 0.061
1 0.667421875 0.18759722222222225 0.011406250000000047 0.0638796296296296
1 0.6881510416666666 0.20748148148148146 0.028385416666666666 0.12096296296296295
1 0.7343958333333334 0.1913425925925926 0.01381249999999999 0.07342592592592594
1 0.76209375 0.235625 0.029354166666666733 0.14763888888888888
0 0.9085598958333333 0.2747407407407408 0.11663020833333336 0.12181481481481482
0 0.9518203125 0.2869953703703704 0.096359375 0.15286111111111111
0 0.3580208333333334 0.37134259259259256 0.22479166666666667 0.2458333333333333
0 0.42287760416666664 0.2993796296296296 0.1427864583333333 0.16457407407407407