0 0.06848958333333334 0.8074074074074075 0.13697916666666668 0.3574074074074074
1 0.53046875 0.21828703703703703 0.015104166666666667 0.0699074074074074
1 0.5854401041666667 0.24812037037037035 0.026723958333333304 0.1517222222222222
1 0.6013125 0.23008333333333333 0.013000000000000018 0.05872222222222221
1 0.6108645833333334 0.22179629629629632 0.013187499999999967 0.07511111111111114
1 0.6360052083333334 0.2462361111111111 0.014760416666666625 0.07919444444444444
1 0.6640625 0.22625 0.024687500000000046 0.1247222222222222
1 0.78584375 0.24014814814814817 0.027895833333333304 0.08544444444444445
1 0.8207916666666667 0.27956018518518516 0.05935416666666669 0.24439814814814814
1 0.8416666666666667 0.26805555555555555 0.052083333333333336 0.25092592592592594
1 0.9153385416666667 0.28284259259259265 0.04328124999999995 0.1620925925925926
1 0.9622395833333334 0.26528703703703704 0.06302083333333333 0.25479629629629635
2 0.38717708333333334 0.6696944444444445 0.14772916666666672 0.45801851851851855