1 0.04192708333333333 0.5175925925925926 0.08385416666666666 0.4537037037037037
1 0.687109375 0.4487407407407407 0.05880208333333338 0.1378888888888889
3 0.6841171875000001 0.48543055555555553 0.05186979166666662 0.09562037037037036
3 0.7106223958333333 0.48143518518518524 0.049067708333333356 0.09527777777777775
1 0.7091145833333333 0.4361111111111111 0.03177083333333333 0.12962962962962962
1 0.18922916666666667 0.44399074074074074 0.052791666666666674 0.23405555555555552
1 0.2814375 0.3834537037037037 0.0125 0.06494444444444443
1 0.2950520833333333 0.40694444444444444 0.027604166666666666 0.12314814814814815
1 0.33327604166666663 0.3738518518518518 0.011979166666666667 0.05748148148148147
1 0.3466614583333333 0.37434722222222216 0.010843750000000025 0.05352777777777778
1 0.4697395833333333 0.38563425925925926 0.011687500000000028 0.059824074074074085
1 0.4823125 0.3830972222222222 0.011687499999999969 0.06417592592592593