1 0.5442812499999999 0.40061111111111114 0.025 0.1425925925925926
1 0.5678854166666667 0.39829166666666665 0.02638541666666671 0.1463981481481481
1 0.5755208333333334 0.3712962962962963 0.017708333333333333 0.07962962962962963
1 0.8570052083333334 0.6449074074074074 0.18692708333333338 0.7101851851851851
1 0.36947916666666664 0.5817129629629629 0.18687499999999999 0.39305555555555555
3 0.34976041666666663 0.7299398148148148 0.13641666666666666 0.2886388888888889
1 0.41382291666666665 0.3745833333333333 0.02454166666666667 0.1323148148148148
3 0.46579687499999994 0.6818981481481482 0.11226041666666671 0.23805555555555558
1 0.46460677083333335 0.5465416666666667 0.10411979166666666 0.33747222222222223
1 0.474671875 0.36238425925925927 0.015104166666666667 0.0930092592592593
1 0.48379947916666666 0.3476157407407407 0.0067031250000000025 0.04576851851851853
1 0.5060677083333334 0.39194444444444443 0.02567708333333331 0.13944444444444445
1 0.5213802083333333 0.3753425925925926 0.018229166666666668 0.09722222222222222