1 0.6284375 0.20614814814814816 0.011354166666666643 0.06544444444444444
1 0.64171875 0.23532407407407407 0.014687500000000023 0.0849074074074074
1 0.698078125 0.2855555555555555 0.0370729166666667 0.09814814814814812
1 0.6982838541666666 0.26908796296296295 0.024578125000000027 0.11299074074074074
1 0.7534114583333335 0.265 0.020677083333333356 0.10462962962962963
1 0.7687630208333334 0.26381944444444444 0.022786458333333332 0.1253240740740741
1 0.7874791666666667 0.27025925925925925 0.03035416666666665 0.13662962962962966
1 0.8038671875000001 0.2690046296296296 0.044765625000000024 0.18337962962962964
1 0.8527708333333334 0.26441666666666663 0.040812499999999946 0.1713518518518519
1 0.8999609375 0.3602962962962963 0.06945312499999995 0.16514814814814816
1 0.8910677083333333 0.27692592592592596 0.03036458333333331 0.15929629629629632
1 0.9577786458333333 0.34278240740740745 0.07475520833333332 0.3240648148148148
1 0.30243489583333333 0.2704212962962963 0.022890624999999963 0.12452777777777779
1 0.3155390625 0.27445833333333336 0.026942708333333343 0.1538611111111111
2 0.4203697916666666 0.7987407407407408 0.18561458333333333 0.40251851851851855
1 0.49192708333333335 0.29421296296296295 0.0484375 0.2310185185185185