1 0.5314244791666667 0.4645601851851852 0.011421874999999974 0.052731481481481525
3 0.5969973958333334 0.7582638888888888 0.09798437499999994 0.2010648148148148
1 0.6100208333333333 0.6637916666666667 0.11985416666666661 0.29500925925925925
1 0.6576223958333334 0.6280092592592592 0.08454687499999997 0.26342592592592595
3 0.6669921875 0.7195925925925927 0.09872395833333343 0.1978518518518518
0 0.7533697916666667 0.6160324074074075 0.0818020833333333 0.17367592592592598
1 0.46085937499999996 0.4904537037037038 0.026614583333333344 0.12390740740740745
1 0.4917708333333334 0.4713148148148148 0.021354166666666667 0.08699999999999998
1 0.49752604166666664 0.4625740740740741 0.012239583333333333 0.06725925925925924
1 0.511984375 0.47228703703703706 0.015614583333333343 0.0870925925925926
1 0.5228854166666667 0.4628425925925926 0.011312499999999955 0.055425925925925885