1 0.5495859375 0.24983333333333332 0.020723958333333313 0.038370370370370395
1 0.6111354166666667 0.23607407407407405 0.009458333333333376 0.04729629629629631
1 0.6351276041666666 0.24522685185185183 0.020671875000000027 0.09732407407407406
1 0.6587760416666666 0.24818981481481484 0.020885416666666736 0.0847314814814815
1 0.7118385416666667 0.23052314814814817 0.0264895833333334 0.1215462962962963
1 0.7326432291666668 0.23794444444444446 0.024765624999999975 0.10707407407407409
1 0.7481276041666667 0.2314027777777778 0.02625520833333326 0.11404629629629628
0 0.7999531249999999 0.27404629629629634 0.03782291666666673 0.05190740740740741
1 0.8034947916666667 0.2506574074074074 0.02342708333333334 0.08238888888888887
1 0.9102604166666667 0.5576574074074074 0.1794791666666666 0.8846851851851852
1 0.8666145833333334 0.23462962962962963 0.017812500000000023 0.06740740740740742
1 0.8923229166666666 0.23873148148148152 0.02183333333333337 0.058833333333333356
1 0.06393750000000001 0.30185185185185187 0.0774375 0.15185185185185185
1 0.26317708333333334 0.24303703703703705 0.022604166666666654 0.09725925925925925
1 0.33891145833333336 0.25105555555555553 0.021760416666666654 0.08140740740740743
1 0.40746354166666665 0.24149074074074076 0.006843749999999993 0.03664814814814816
1 0.5283854166666667 0.25013888888888886 0.017291666666666632 0.09287037037037038