1 0.6164843750000001 0.18663888888888888 0.02776041666666664 0.07931481481481481
1 0.6366875000000001 0.18403703703703703 0.02525000000000001 0.08822222222222223
1 0.6500677083333334 0.18323148148148147 0.027531249999999948 0.0979814814814815
1 0.6674114583333334 0.1856111111111111 0.02315625000000002 0.09933333333333333
1 0.683171875 0.18971296296296294 0.04353124999999996 0.09705555555555558
1 0.7135520833333333 0.1910138888888889 0.04814583333333336 0.10649074074074076
1 0.7696614583333333 0.20879629629629629 0.040364583333333336 0.11388888888888889
1 0.8119322916666666 0.21596296296296297 0.04751041666666668 0.114
1 0.833296875 0.21449074074074073 0.05857291666666668 0.1250925925925926
1 0.26880208333333333 0.1517037037037037 0.04000000000000001 0.13066666666666668
0 0.27003645833333334 0.19566666666666666 0.041177083333333336 0.09200000000000001
1 0.46188802083333336 0.20222222222222222 0.07289062499999996 0.40444444444444444