1 0.05552083333333333 0.614986111111111 0.11104166666666666 0.6187314814814815
1 0.5472552083333333 0.3829675925925926 0.010802083333333339 0.08369444444444443
1 0.5671875 0.41351851851851856 0.025833333333333285 0.17314814814814813
1 0.5856510416666666 0.3836111111111111 0.015781249999999976 0.10037037037037035
1 0.6033541666666667 0.40688425925925925 0.022854166666666724 0.1399351851851852
1 0.07452343749999998 0.40572222222222215 0.02743229166666666 0.1754074074074074
2 0.6721770833333333 0.5186805555555555 0.10304166666666663 0.2646759259259259
1 0.702875 0.4691388888888889 0.051229166666666735 0.2926481481481482
1 0.26144270833333333 0.35861574074074076 0.007114583333333346 0.04186111111111115
1 0.37152864583333334 0.36097222222222225 0.011244791666666682 0.056018518518518516
1 0.3894296875 0.3695879629629629 0.01561979166666667 0.08323148148148152
1 0.4302578125 0.43722685185185184 0.06281770833333335 0.23073148148148143
1 0.4374609375 0.3742361111111111 0.016640624999999964 0.0702314814814815
1 0.4693697916666667 0.3747962962962963 0.015614583333333284 0.0687407407407407
1 0.4841614583333333 0.3730694444444444 0.011656249999999998 0.07552777777777778
1 0.5052552083333333 0.3844212962962963 0.025218749999999977 0.09986111111111114
1 0.5161588541666666 0.37666666666666665 0.011171875000000024 0.08277777777777776
1 0.5282890625000001 0.38037499999999996 0.01636979166666664 0.0816574074074074