1 0.5476640624999999 0.478300925925926 0.015046875000000052 0.11284259259259259
1 0.6076041666666666 0.5298148148148148 0.05479166666666669 0.2096296296296296
1 0.6278229166666667 0.5091944444444444 0.026125000000000044 0.16105555555555556
1 0.10403645833333333 0.4403796296296296 0.022666666666666658 0.06674074074074073
1 0.12494270833333335 0.46614814814814814 0.040843750000000005 0.11011111111111108
1 0.23966666666666664 0.4982129629629629 0.034000000000000016 0.16449999999999998
1 0.2585755208333333 0.4573101851851852 0.020765625000000003 0.111675925925926
1 0.29708072916666667 0.5362962962962964 0.05813020833333334 0.2596296296296296
1 0.2808229166666667 0.45788425925925924 0.015645833333333373 0.11478703703703706
2 0.32266666666666666 0.5422777777777777 0.06242708333333334 0.19251851851851853
1 0.34922916666666665 0.49959722222222225 0.032583333333333304 0.15932407407407412
1 0.38113541666666667 0.5404907407407408 0.05418749999999998 0.2716111111111111
1 0.4247708333333333 0.5723148148148148 0.057020833333333285 0.2877777777777778
1 0.5002604166666667 0.5347222222222222 0.05364583333333333 0.24722222222222223