1 0.010184895833333334 0.47883796296296294 0.020369791666666668 0.339212962962963
1 0.53303125 0.41160648148148143 0.007749999999999938 0.050064814814814805
1 0.5378723958333332 0.4099166666666667 0.010713541666666692 0.05794444444444443
1 0.54453125 0.41029166666666667 0.009593750000000038 0.05443518518518515
1 0.5565104166666667 0.4148148148148148 0.0140625 0.06296296296296296
1 0.5892916666666667 0.44354629629629627 0.02745833333333335 0.1477222222222222
1 0.6126927083333332 0.41676851851851854 0.016666666666666666 0.07016666666666664
1 0.6304088541666667 0.41968518518518516 0.02605729166666677 0.12285185185185186
1 0.673203125 0.5559212962962963 0.10651041666666666 0.2477870370370371
3 0.6602708333333334 0.6371342592592593 0.07864583333333333 0.1664722222222222
1 0.6463541666666667 0.4178472222222222 0.014583333333333334 0.0830092592592593
1 0.6700520833333333 0.4222222222222222 0.019270833333333334 0.11666666666666667
1 0.7198385416666666 0.5387962962962963 0.0703125 0.25222222222222224
3 0.7271302083333333 0.6191574074074074 0.07864583333333333 0.16648148148148154
1 0.2565104166666667 0.4194907407407408 0.016145833333333335 0.09083333333333335
1 0.4265625 0.4532407407407407 0.035416666666666666 0.18055555555555555
1 0.4828958333333333 0.4311851851851851 0.024208333333333342 0.11985185185185185
1 0.5046197916666667 0.43046296296296294 0.023677083333333352 0.122037037037037