1 0.5990963541666666 0.19364351851851852 0.007328124999999967 0.0373425925925926
1 0.6081276041666667 0.19410648148148146 0.008744791666666647 0.03826851851851853
1 0.6510989583333334 0.22037962962962962 0.009156250000000081 0.0501666666666667
1 0.7314895833333334 0.22691666666666666 0.027437500000000035 0.09394444444444446
1 0.7565416666666667 0.2293703703703704 0.024624999999999987 0.09700000000000002
1 0.8061354166666667 0.23130092592592594 0.021791666666666744 0.09517592592592591
1 0.8191666666666667 0.2310185185185185 0.026145833333333358 0.11574074074074074
1 0.8441145833333332 0.2337962962962963 0.024374999999999977 0.11203703703703703
2 0.2288072916666667 0.7037361111111112 0.2024895833333334 0.5925277777777779
1 0.18553645833333335 0.1815277777777778 0.0140625 0.062037037037037036
1 0.22239583333333332 0.18670370370370368 0.04114583333333333 0.11974074074074076
1 0.3090416666666666 0.25098611111111113 0.06295833333333332 0.32191666666666663
1 0.345671875 0.2270509259259259 0.05323958333333329 0.3314537037037037
1 0.37488541666666664 0.2067361111111111 0.03825000000000003 0.22949074074074075
1 0.4138515625 0.23365277777777776 0.04927604166666667 0.28102777777777777
1 0.46786979166666665 0.2053148148148148 0.016343749999999997 0.06344444444444446
1 0.48770572916666666 0.2066990740740741 0.017609374999999972 0.06030555555555558