2 0.5595312499999999 0.5820833333333333 0.05802083333333332 0.20990740740740746
1 0.5629947916666667 0.4867592592592593 0.03026041666666662 0.14629629629629634
1 0.6848177083333333 0.5528240740740741 0.047031249999999976 0.129537037037037
1 0.299140625 0.5092592592592593 0.05276041666666664 0.11444444444444442
1 0.4080729166666667 0.5191666666666667 0.049374999999999974 0.10425925925925927
1 0.40647135416666663 0.4801157407407408 0.041744791666666656 0.1438425925925926
1 0.4438020833333333 0.48814814814814816 0.04468749999999998 0.2207407407407407
1 0.46994791666666663 0.4287037037037037 0.015312499999999988 0.06666666666666667
1 0.4823645833333333 0.42663425925925924 0.012395833333333309 0.0650648148148148
1 0.4971614583333333 0.42592592592592593 0.014010416666666655 0.06666666666666667
1 0.5099479166666667 0.4292592592592593 0.012395833333333309 0.062037037037037036
1 0.5303645833333334 0.4783796296296296 0.028437499999999952 0.1375