1 0.53734375 0.38615740740740734 0.03260416666666668 0.11787037037037038
1 0.5448854166666667 0.4149675925925926 0.025020833333333374 0.17728703703703702
1 0.5806432291666667 0.3999675925925926 0.02944270833333332 0.16580555555555554
1 0.6014322916666667 0.39949074074074076 0.029947916666666668 0.1582407407407407
2 0.6242838541666667 0.4238101851851852 0.03236979166666672 0.09071296296296294
1 0.6360781249999999 0.40201388888888884 0.02430208333333326 0.14763888888888888
1 0.667984375 0.4020694444444445 0.024552083333333266 0.14771296296296293
1 0.6918489583333333 0.40682407407407406 0.026302083333333334 0.14264814814814816
1 0.7136666666666667 0.42358333333333337 0.022145833333333323 0.1083888888888889
1 0.7288906249999999 0.42577777777777776 0.03555208333333333 0.1721481481481481
1 0.7555520833333333 0.39588425925925924 0.02368750000000001 0.1445277777777778
1 0.7794479166666667 0.42171296296296296 0.025583333333333277 0.1602777777777778
1 0.79796875 0.44058796296296293 0.03260416666666674 0.12789814814814815
1 0.8136953125 0.4467453703703704 0.04344270833333338 0.19447222222222219
1 0.8332265625 0.45506481481481487 0.053963541666666615 0.24709259259259256
1 0.8607942708333333 0.4094027777777777 0.03039062500000007 0.1623055555555555
1 0.9364765624999999 0.42727314814814815 0.03704687499999994 0.17563888888888884
2 0.9707473958333334 0.48325925925925933 0.058505208333333295 0.14688888888888887
1 0.9838385416666667 0.4868703703703704 0.03232291666666664 0.23014814814814816
1 0.32280729166666666 0.3879398148148148 0.039281249999999976 0.1441203703703704
1 0.4608333333333333 0.36442129629629627 0.01885416666666663 0.10430555555555554
1 0.4788098958333334 0.36780092592592595 0.017067708333333383 0.1029166666666667
0 0.488984375 0.39843055555555557 0.030989583333333334 0.0790648148148148
1 0.49064843750000003 0.3673888888888889 0.02443229166666665 0.10151851851851856
1 0.5129114583333333 0.3705509259259259 0.02063541666666667 0.11426851851851849
1 0.5266276041666667 0.3945648148148148 0.020390625000000048 0.1129074074074074