1 0.6254661458333334 0.5845833333333332 0.16844270833333325 0.8308333333333333
0 0.153671875 0.7340416666666667 0.29067708333333336 0.5319166666666667
1 0.12661979166666668 0.28100462962962963 0.03853125000000001 0.15928703703703703
1 0.2840625 0.27075925925925926 0.017854166666666654 0.0902962962962963
1 0.394140625 0.3538101851851852 0.05390625 0.25663888888888897
1 0.4190364583333333 0.30162962962962964 0.026510416666666654 0.14766666666666667
1 0.4431015625 0.2958611111111111 0.03046354166666667 0.1693888888888889
1 0.17098697916666666 0.5091527777777778 0.24781770833333336 0.7776203703703704
3 0.4952838541666667 0.3346064814814815 0.03775520833333334 0.11541666666666664
1 0.49460937499999996 0.31430555555555556 0.02890625 0.0934259259259259
1 0.5421614583333334 0.3821342592592593 0.055156250000000046 0.2970277777777778