0 0.11716406250000001 0.4403657407407407 0.23432812500000003 0.31775
0 0.07705729166666667 0.5504027777777778 0.15411458333333333 0.30326851851851855
1 0.5835625 0.17607407407407408 0.02297916666666661 0.12933333333333333
1 0.622140625 0.1789537037037037 0.028635416666666677 0.12431481481481481
1 0.6447473958333333 0.1424861111111111 0.01157812500000001 0.0685462962962963
1 0.6677135416666666 0.14810185185185185 0.01771874999999999 0.07712962962962963
1 0.7865208333333332 0.21150462962962965 0.04383333333333338 0.20180555555555554
1 0.9552135416666666 0.1670462962962963 0.02759375000000001 0.08646296296296296
1 0.9786927083333334 0.18199074074074076 0.03303124999999992 0.11601851851851851
0 0.24149739583333335 0.34547685185185184 0.15888020833333336 0.22460185185185183
2 0.3335078125 0.6888240740740741 0.22079687499999998 0.4949444444444444
1 0.384625 0.14675462962962962 0.008979166666666672 0.06482407407407408
0 0.41220833333333334 0.19771759259259258 0.059749999999999956 0.08734259259259258
1 0.46559375000000003 0.12712037037037038 0.008604166666666717 0.04557407407407407
1 0.49515625 0.1259861111111111 0.0067708333333333336 0.03932407407407409