1 0.035546875 0.5029398148148148 0.07109375 0.4561574074074074
3 0.6534348958333334 0.5231388888888889 0.16792187499999991 0.2622407407407408
1 0.18559635416666667 0.37166203703703704 0.025057291666666644 0.1168611111111111
1 0.03276822916666667 0.37412499999999993 0.02800520833333333 0.1756388888888889
1 0.3115026041666667 0.4217592592592593 0.044078124999999996 0.23055555555555557
1 0.34021614583333337 0.38130092592592596 0.02915104166666668 0.14721296296296296
1 0.36323958333333334 0.35956481481481484 0.021749999999999995 0.12135185185185185
1 0.3836276041666667 0.4189675925925926 0.053473958333333314 0.23095370370370377
1 0.403515625 0.37049074074074073 0.030989583333333334 0.16050000000000003
1 0.43953125 0.38366666666666666 0.03218749999999997 0.15081481481481482
1 0.5095755208333334 0.42380092592592594 0.04334895833333334 0.2525833333333333