0 0.5409557291666667 0.42975 0.017848958333333324 0.06198148148148148
1 0.21354166666666666 0.510337962962963 0.08541666666666667 0.2154351851851852
1 0.3515755208333334 0.5305462962962963 0.06049479166666665 0.34446296296296297
1 0.3753359375 0.4934814814814815 0.05244270833333336 0.27025925925925925
2 0.3951302083333334 0.5269907407407407 0.05307291666666666 0.14842592592592588
1 0.40783854166666667 0.4234259259259259 0.020260416666666656 0.06592592592592592
1 0.4248359375 0.41888425925925926 0.013036458333333379 0.05723148148148148
1 0.4585234375 0.4443101851851852 0.0265989583333333 0.11860185185185183
1 0.4840885416666667 0.4086620370370371 0.017135416666666656 0.06952777777777776
1 0.4966302083333333 0.39793518518518517 0.01224999999999999 0.05457407407407407
0 0.5186458333333334 0.4277175925925926 0.02041666666666663 0.06641666666666668