2 0.5447005208333333 0.5557037037037038 0.04126562500000001 0.09664814814814815
1 0.5409869791666666 0.5050138888888889 0.012401041666666638 0.07163888888888889
1 0.5595208333333334 0.5158148148148148 0.016583333333333408 0.135037037037037
1 0.10036458333333333 0.5002083333333334 0.027083333333333334 0.08513888888888893
1 0.1203125 0.49162037037037043 0.019166666666666672 0.07953703703703702
1 0.14454427083333332 0.500337962962963 0.014869791666666672 0.07487962962962959
1 0.18061979166666667 0.49638888888888894 0.015427083333333336 0.07796296296296301
0 0.359 0.7632685185185184 0.27325000000000005 0.30124074074074075
1 0.43046875 0.513425925925926 0.021354166666666667 0.10277777777777777
1 0.5032708333333333 0.5059490740740741 0.015958333333333328 0.08421296296296295
1 0.5210520833333333 0.5078611111111111 0.019145833333333327 0.07372222222222218