1 0.050520833333333334 0.6442222222222223 0.10104166666666667 0.7115555555555556
1 0.5419270833333333 0.4492175925925926 0.027604166666666666 0.1512129629629629
0 0.5904869791666667 0.49113425925925924 0.11194270833333336 0.1293981481481481
1 0.5690572916666666 0.4391203703703704 0.03178124999999999 0.18009259259259258
0 0.6109479166666667 0.5380324074074074 0.06414583333333326 0.17560185185185184
1 0.257421875 0.5021851851851852 0.07036458333333331 0.23933333333333334
1 0.258203125 0.5295833333333334 0.05703125 0.2758333333333333
1 0.30308854166666666 0.52125 0.04114583333333333 0.23981481481481487
1 0.3437317708333333 0.5571435185185185 0.09836979166666666 0.42775
1 0.43423177083333336 0.5884259259259259 0.0801822916666667 0.4203703703703704
2 0.4618619791666667 0.6301805555555556 0.07818229166666667 0.22562037037037033