0 0.7067682291666666 0.6708240740740741 0.17499479166666668 0.21964814814814818
1 0.6414869791666666 0.5394212962962963 0.04057812499999992 0.16504629629629636
0 0.7694791666666667 0.7074444444444444 0.18166666666666664 0.2425185185185185
1 0.09872135416666668 0.5431064814814814 0.03849479166666667 0.23119444444444445
3 0.9265911458333332 0.7258749999999999 0.14681770833333338 0.34219444444444447
1 0.9075598958333333 0.6031157407407407 0.047932291666666654 0.21006481481481482
1 0.1836354166666667 0.524912037037037 0.03700000000000001 0.1898055555555555
0 0.07777864583333334 0.5646898148148148 0.11590104166666668 0.12043518518518513
3 0.2527421875 0.5519259259259258 0.060390624999999996 0.08594444444444449
1 0.25854166666666667 0.5349814814814815 0.04604166666666668 0.11781481481481482
1 0.2876458333333333 0.5085740740740741 0.022395833333333334 0.13518518518518519
1 0.414203125 0.5312777777777777 0.02940625000000002 0.13077777777777774
1 0.4315026041666667 0.5046898148148149 0.017338541666666648 0.08199074074074075
1 0.45234375 0.5197685185185186 0.016145833333333335 0.07472222222222226
1 0.47420833333333334 0.5183796296296297 0.0140625 0.08148148148148149
1 0.4964166666666667 0.5199814814814815 0.0296875 0.10355555555555553
0 0.49679687499999997 0.5440185185185185 0.02833333333333332 0.07807407407407412