1 0.24927864583333334 0.5570231481481481 0.04113020833333335 0.17299074074074072
1 0.2729635416666667 0.5659537037037037 0.03489583333333336 0.16296296296296298
1 0.29565104166666667 0.5341388888888889 0.012927083333333301 0.07964814814814813
1 0.31472395833333333 0.5359814814814815 0.014093749999999971 0.08618518518518511
1 0.3288697916666667 0.5300370370370371 0.012989583333333303 0.08807407407407408
1 0.34528125000000004 0.5406574074074075 0.01714583333333331 0.1190555555555556
1 0.3672083333333333 0.5349351851851852 0.014645833333333335 0.08790740740740746
1 0.3726770833333333 0.5407962962962962 0.014854166666666658 0.09451851851851856
1 0.38171875 0.5346111111111111 0.015760416666666662 0.0919259259259259
1 0.3993958333333333 0.5483703703703704 0.011916666666666664 0.06881481481481476
1 0.4081666666666667 0.5457685185185186 0.01345833333333335 0.11012962962962958
1 0.4203541666666667 0.5407685185185185 0.014187500000000004 0.08698148148148153
1 0.43318229166666666 0.5438055555555555 0.016239583333333307 0.10498148148148148
1 0.44341145833333334 0.5418148148148147 0.012343750000000023 0.0956296296296296
1 0.4582630208333333 0.5418518518518519 0.01597395833333337 0.10851851851851846
1 0.47237760416666663 0.5616064814814815 0.01857812499999998 0.1040092592592593
1 0.4842447916666667 0.5551759259259259 0.020989583333333308 0.1111296296296296