0 0.10122656249999999 0.5205601851851851 0.09535937499999998 0.1761018518518518
1 0.6042187499999999 0.3784212962962963 0.014687500000000023 0.0724166666666667
0 0.62421875 0.3789583333333333 0.02762499999999998 0.04471296296296298
1 0.6226927083333335 0.36868055555555557 0.012843750000000043 0.053009259259259256
1 0.9080989583333333 0.3849537037037037 0.04244791666666667 0.12916666666666668
1 0.27455729166666665 0.5208425925925926 0.10640624999999998 0.48257407407407416
1 0.36792447916666665 0.4331296296296296 0.04282812500000001 0.2074444444444444
1 0.39987239583333334 0.456537037037037 0.04806770833333331 0.16951851851851857
3 0.4319947916666667 0.48093518518518524 0.08601041666666666 0.13183333333333333
1 0.4302265625 0.4334722222222222 0.05308854166666664 0.19157407407407412
2 0.4979375 0.48059259259259257 0.07006249999999999 0.1912222222222222
1 0.5101171875 0.4288148148148148 0.04341145833333335 0.24440740740740743