1 0.5478333333333334 0.504175925925926 0.014645833333333394 0.05924074074074076
1 0.554453125 0.4855185185185185 0.014531250000000048 0.08007407407407409
1 0.5747057291666666 0.4917962962962963 0.017984374999999986 0.07992592592592587
1 0.5857421875 0.48368055555555556 0.01643229166666676 0.08430555555555551
1 0.7374895833333334 0.5500601851851853 0.06504166666666672 0.3056759259259259
1 0.7501536458333333 0.5306157407407408 0.04958854166666669 0.29284259259259265
1 0.8221510416666666 0.6116111111111111 0.11361458333333327 0.6730740740740742
1 0.31077343749999997 0.49824074074074065 0.023244791666666664 0.14481481481481479
1 0.32516927083333336 0.4973472222222222 0.023588541666666706 0.05250925925925929
2 0.3319765625 0.5195092592592592 0.03302604166666665 0.1109814814814815
1 0.3416640625 0.48960185185185184 0.027609374999999995 0.15875925925925924