2 0.6171302083333333 0.2911388888888889 0.044072916666666725 0.08031481481481482
1 0.723328125 0.2521851851851852 0.018239583333333323 0.08340740740740739
1 0.7513854166666666 0.25194444444444447 0.012333333333333366 0.059074074074074084
1 0.7765885416666668 0.24946296296296297 0.01911458333333336 0.0703703703703704
1 0.7865286458333334 0.2503842592592593 0.01683854166666663 0.07145370370370369
1 0.8411458333333334 0.25262037037037033 0.017708333333333333 0.06296296296296294
1 0.9763020833333333 0.24689814814814812 0.0328125 0.08583333333333332
1 0.2933932291666667 0.289375 0.033421874999999976 0.09773148148148149
1 0.3313802083333333 0.32972222222222225 0.054427083333333334 0.13425925925925927
1 0.3455729166666667 0.29259259259259257 0.03697916666666667 0.16666666666666666
0 0.4341848958333333 0.3458796296296296 0.09163020833333337 0.22287037037037036