0 0.03705729166666667 0.26469907407407406 0.07411458333333334 0.09578703703703706
1 0.5295546875 0.10300462962962964 0.007473958333333286 0.04162037037037037
1 0.5365651041666666 0.10427314814814814 0.011244791666666682 0.04036111111111111
1 0.5627864583333333 0.12337037037037038 0.011927083333333382 0.07362962962962963
1 0.7591588541666667 0.18274074074074073 0.06894270833333328 0.3084074074074074
1 0.9472864583333334 0.09616666666666665 0.02894791666666663 0.10248148148148147
2 0.2488697916666667 0.6467175925925925 0.23319791666666667 0.506712962962963
0 0.2875052083333333 0.15762037037037038 0.042281250000000006 0.07753703703703702
0 0.3150104166666666 0.15041666666666664 0.04331249999999998 0.08120370370370372
1 0.3361458333333333 0.1110138888888889 0.019687499999999976 0.06575
1 0.016848958333333334 0.10827777777777778 0.025677083333333333 0.06955555555555556
1 0.3804557291666667 0.13120370370370368 0.01200520833333331 0.0674074074074074
1 0.3925572916666667 0.11025925925925925 0.013635416666666641 0.06392592592592591
1 0.41053645833333335 0.10555092592592594 0.013510416666666695 0.06186111111111111