1 0.5723046875000001 0.39186574074074076 0.011807291666666704 0.06362037037037035
1 0.6237552083333334 0.3959583333333333 0.022489583333333365 0.08326851851851852
3 0.6600911458333333 0.5399722222222223 0.05546354166666655 0.1176481481481482
1 0.6430494791666667 0.39727777777777773 0.020473958333333306 0.06394444444444444
1 0.6686953125 0.4895972222222222 0.06854687500000006 0.1687685185185185
1 0.6977942708333332 0.46949537037037037 0.050348958333333256 0.15637962962962962
3 0.7040833333333334 0.5321527777777777 0.0577604166666666 0.1047314814814815
1 0.7531588541666667 0.3760324074074074 0.008057291666666681 0.04034259259259259
1 0.798203125 0.39406481481481487 0.023697916666666666 0.0642777777777778
1 0.8733098958333334 0.39023148148148146 0.015682291666666615 0.07972222222222225
1 0.9359010416666665 0.3768148148148148 0.013093750000000052 0.04985185185185183