0 0.7445703125 0.7921157407407408 0.3379427083333333 0.37076851851851855
1 0.675390625 0.5356111111111111 0.06015625 0.2948888888888889
1 0.7302942708333333 0.5628703703703704 0.06909895833333338 0.3307407407407407
1 0.10481510416666667 0.5683703703703704 0.054744791666666674 0.2623333333333333
1 0.13715625 0.4239537037037037 0.01597916666666667 0.053870370370370374
1 0.16515625 0.42453703703703705 0.015729166666666662 0.06166666666666669
1 0.20322656249999999 0.46046759259259257 0.031255208333333326 0.16758333333333328
1 0.258359375 0.4269074074074074 0.016395833333333342 0.08190740740740744
1 0.27661979166666667 0.42967129629629625 0.016395833333333342 0.07932407407407409
1 0.299328125 0.4576574074074074 0.038739583333333334 0.1930185185185185
1 0.33395833333333336 0.5020555555555556 0.051041666666666666 0.2708888888888889
1 0.06289322916666666 0.5602870370370371 0.055671874999999996 0.27016666666666667
1 0.38315364583333333 0.4574537037037037 0.03160937500000003 0.15564814814814817
1 0.401171875 0.4613703703703703 0.02276041666666669 0.1463333333333333
1 0.4135755208333334 0.44786574074074076 0.019411458333333385 0.11537962962962964
1 0.4390104166666667 0.44838425925925923 0.026979166666666644 0.13082407407407404
0 0.5797838541666667 0.7411388888888889 0.2704322916666666 0.3875370370370371
1 0.46944270833333335 0.4681203703703704 0.0265625 0.12777777777777782
1 0.5004375 0.46620833333333334 0.0250625 0.16147222222222227