1 0.5350052083333333 0.48897685185185186 0.022072916666666723 0.09000925925925929
1 0.5600598958333334 0.5342638888888889 0.03529687499999999 0.18480555555555553
1 0.5820755208333334 0.5365740740740741 0.04584895833333332 0.14481481481481484
1 0.6038645833333334 0.5176111111111111 0.037375 0.1642222222222223
1 0.6985182291666666 0.5197499999999999 0.06088020833333327 0.17327777777777775
1 0.8712604166666668 0.5426851851851852 0.04539583333333338 0.25203703703703706
1 0.9157369791666667 0.534074074074074 0.05071354166666673 0.2446296296296296
1 0.2350104166666667 0.5462824074074074 0.06539583333333333 0.20706481481481476
1 0.325625 0.5340046296296297 0.0433333333333333 0.19143518518518518
1 0.38347916666666665 0.5019398148148149 0.025541666666666647 0.1213055555555556
1 0.44663020833333333 0.47947222222222224 0.011635416666666683 0.05031481481481479
1 0.4684166666666666 0.48057407407407404 0.009302083333333341 0.046962962962962936
1 0.4930963541666667 0.5156805555555555 0.031515625 0.08604629629629625