1 0.5578854166666666 0.4932037037037037 0.02339583333333325 0.11266666666666668
1 0.5801614583333332 0.48758333333333337 0.025822916666666747 0.1370555555555556
1 0.6006770833333334 0.48076388888888894 0.015625 0.08476851851851853
1 0.6209817708333333 0.4996435185185185 0.02741145833333327 0.14830555555555563
1 0.6435729166666666 0.49982870370370375 0.027020833333333272 0.15034259259259258
1 0.6997395833333333 0.487962962962963 0.018229166666666668 0.08703703703703704
1 0.7306562500000001 0.5145370370370371 0.037958333333333275 0.1698148148148148
1 0.7850520833333333 0.512537037037037 0.03677083333333329 0.17566666666666664
1 0.8556197916666667 0.5319814814814815 0.04042708333333327 0.18270370370370376
1 0.9524270833333333 0.5936805555555555 0.09222916666666675 0.28300925925925924
1 0.9724244791666667 0.5778101851851852 0.05453645833333335 0.2954907407407407
1 0.18860677083333333 0.5251388888888888 0.056328124999999986 0.2891666666666666
1 0.223203125 0.5421666666666667 0.08078125000000001 0.3562222222222222
1 0.3648307291666667 0.49146759259259265 0.04377604166666664 0.11725
1 0.37014062500000006 0.4896157407407407 0.03792708333333336 0.11202777777777774
1 0.37375520833333337 0.48673148148148143 0.028041666666666624 0.09996296296296295
1 0.38703906250000003 0.44443055555555555 0.017484374999999965 0.08299074074074068
1 0.4084453125 0.44682407407407404 0.013661458333333343 0.07861111111111109
1 0.428125 0.46115740740740735 0.019791666666666666 0.09907407407407402
2 0.09694010416666667 0.6325972222222221 0.10649479166666669 0.06332407407407406
1 0.444375 0.4646898148148148 0.016145833333333335 0.09395370370370373
1 0.49757812500000004 0.480625 0.01994791666666664 0.044861111111111046