1 0.5697864583333333 0.1605509259259259 0.012093749999999896 0.06797222222222223
1 0.6189374999999999 0.15635185185185185 0.01952083333333334 0.11062962962962962
2 0.1320807291666667 0.34617592592592594 0.09375520833333334 0.1706111111111111
1 0.14867187499999998 0.29638425925925926 0.060468749999999995 0.22241666666666665
1 0.26980729166666667 0.24025925925925928 0.03653125000000002 0.18059259259259258
1 0.3300885416666667 0.22355092592592593 0.03628124999999998 0.16660185185185183
1 0.431640625 0.18537037037037035 0.01953125 0.09925925925925927
1 0.4451875 0.18994444444444444 0.017854166666666654 0.09474074074074076
1 0.4593671875 0.20428703703703704 0.015223958333333343 0.06512962962962963
1 0.46859375000000003 0.1899814814814815 0.011250000000000012 0.07114814814814815
1 0.4967239583333333 0.18514814814814812 0.024260416666666687 0.1119259259259259
1 0.07933072916666667 0.28245833333333337 0.057796875000000004 0.21600925925925926