1 0.5878229166666666 0.5135185185185185 0.034458333333333376 0.17537037037037034
1 0.6019427083333333 0.502199074074074 0.0353854166666667 0.17023148148148146
1 0.6224322916666668 0.4616203703703704 0.010020833333333338 0.05748148148148152
1 0.6277421875000001 0.46040277777777777 0.010015625000000009 0.057472222222222216
1 0.6570937499999999 0.5328611111111111 0.056229166666666566 0.24427777777777776
1 0.6908854166666667 0.5106481481481482 0.03802083333333333 0.18055555555555555
1 0.7671666666666667 0.5106574074074074 0.038270833333333344 0.17775925925925928
1 0.8019270833333333 0.5122222222222222 0.03291666666666669 0.17999999999999997
1 0.8917447916666668 0.6276296296296296 0.11953125 0.459
1 0.08907552083333334 0.4382361111111111 0.01143229166666666 0.05278703703703703
1 0.09957552083333333 0.4411342592592592 0.011473958333333334 0.049953703703703695
1 0.17618489583333333 0.46923148148148147 0.02294270833333334 0.06894444444444442
1 0.1994635416666667 0.44525 0.018156249999999978 0.07931481481481484
1 0.22884635416666665 0.4549768518518518 0.015119791666666653 0.07152777777777777
1 0.24097395833333335 0.4513009259259259 0.012114583333333328 0.06554629629629627
1 0.24661197916666666 0.4516944444444445 0.011359375000000001 0.0569814814814815
1 0.25597395833333336 0.45152777777777775 0.011906249999999978 0.05898148148148147
1 0.2694296875 0.45178240740740744 0.013328125000000017 0.08013888888888895
1 0.2773255208333333 0.4539398148148148 0.017640625000000004 0.08786111111111115
1 0.28846875 0.4620925925925926 0.020458333333333318 0.059148148148148144
1 0.043187500000000004 0.44556481481481486 0.02622916666666666 0.09812962962962965
1 0.3205989583333333 0.4589398148148148 0.014218750000000035 0.08212037037037037
3 0.3429114583333333 0.46758333333333335 0.03187500000000002 0.06483333333333331
1 0.3541354166666667 0.451912037037037 0.012666666666666692 0.0661759259259259
1 0.36959635416666664 0.5025416666666667 0.03028645833333338 0.17639814814814814
1 0.3802682291666667 0.4872962962962963 0.03154687499999997 0.16577777777777775
1 0.4199895833333333 0.505175925925926 0.0314791666666667 0.12298148148148147
1 0.43257291666666664 0.4909722222222222 0.028166666666666687 0.14601851851851855
3 0.4651770833333334 0.5372962962962963 0.0655625 0.12244444444444445
1 0.44819010416666666 0.5004398148148148 0.023411458333333357 0.16152777777777783
1 0.4844791666666667 0.502175925925926 0.06614583333333333 0.11212962962962959
1 0.4754583333333333 0.49430555555555555 0.022000000000000006 0.1576851851851852
1 0.5132994791666667 0.5180046296296296 0.04319270833333331 0.13695370370370366
1 0.5235598958333333 0.5082777777777778 0.026630208333333332 0.15474074074074073