1 0.5927239583333334 0.6911712962962964 0.12992708333333336 0.2937685185185185
3 0.6013906250000001 0.7812824074074075 0.12360416666666664 0.2010833333333333
3 0.6423723958333334 0.7184861111111112 0.13021354166666665 0.21856481481481477
1 0.6448046875000001 0.6412129629629629 0.10851562500000007 0.23590740740740737
1 0.2692890625 0.49765740740740744 0.03725520833333332 0.12061111111111116
1 0.29685937500000004 0.493912037037037 0.02461458333333333 0.13328703703703704
1 0.32269791666666664 0.4976157407407407 0.02752083333333335 0.12217592592592591
1 0.353515625 0.48935185185185187 0.01953125 0.09703703703703699
1 0.4316875 0.47650925925925924 0.018604166666666682 0.07438888888888887
1 0.4628776041666667 0.46869444444444447 0.010442708333333309 0.05372222222222226
1 0.5002630208333333 0.4961203703703703 0.023130208333333378 0.09405555555555559