1 0.5326822916666667 0.2754907407407407 0.009635416666666667 0.05438888888888885
1 0.5414739583333333 0.29208796296296297 0.013822916666666766 0.09212037037037038
1 0.5570026041666668 0.2952685185185185 0.016203124999999947 0.0903888888888889
1 0.5736119791666667 0.2937037037037037 0.014442708333333342 0.09129629629629632
1 0.5933802083333333 0.29056944444444444 0.014802083333333372 0.0981203703703704
1 0.6078619791666667 0.28607870370370375 0.014901041666666733 0.09747222222222225
3 0.6739635416666666 0.6236759259259259 0.13530208333333343 0.2545
1 0.6923984375000001 0.49421759259259257 0.169265625 0.3363796296296296
1 0.6225807291666666 0.30521759259259257 0.01629687499999998 0.05049074074074072
1 0.629640625 0.27499074074074076 0.016031249999999986 0.08520370370370371
1 0.7175885416666666 0.3515555555555555 0.06732291666666666 0.327074074074074
1 0.7522786458333334 0.46273148148148147 0.11481770833333324 0.3476851851851852
3 0.7652317708333333 0.5567314814814814 0.1321406249999999 0.27894444444444444
1 0.7577708333333334 0.3376388888888889 0.048520833333333374 0.290462962962963
1 0.051294270833333336 0.45054629629629633 0.07011979166666667 0.38242592592592595
1 0.2195234375 0.3499861111111111 0.045119791666666666 0.22002777777777777
1 0.4833854166666666 0.2769212962962963 0.014791666666666654 0.05171296296296298
1 0.5072864583333333 0.27743055555555557 0.009281249999999967 0.048657407407407365
1 0.5190703125 0.2819166666666667 0.010713541666666633 0.055425925925925885