1 0.587609375 0.5957546296296296 0.09478125000000001 0.34256481481481477
1 0.6956067708333333 0.5814398148148148 0.0515989583333333 0.32582407407407404
1 0.7178671875 0.5740879629629629 0.05218229166666669 0.30367592592592596
1 0.7478984375 0.5770601851851852 0.04647395833333334 0.29010185185185183
1 0.7807630208333334 0.5478749999999999 0.0437864583333333 0.32147222222222216
1 0.8169895833333333 0.503388888888889 0.02809374999999991 0.12325925925925926
1 0.8942291666666667 0.6865694444444445 0.16331249999999997 0.6268611111111111
1 0.18893489583333334 0.5225601851851852 0.034630208333333336 0.17117592592592587
1 0.23043229166666668 0.5174675925925926 0.03528125000000001 0.13043518518518513
0 0.23324999999999999 0.5518518518518518 0.03235416666666667 0.08703703703703704
1 0.2668177083333333 0.5332870370370371 0.030010416666666668 0.15916666666666665
1 0.29995052083333335 0.6591296296296296 0.09145312500000001 0.46896296296296297
1 0.3392916666666667 0.5364351851851852 0.029166666666666667 0.18212962962962967
1 0.35165624999999995 0.5419305555555555 0.048312499999999994 0.2087314814814815
1 0.40338541666666666 0.5443657407407407 0.0390625 0.22682407407407404
1 0.43115624999999996 0.5445694444444444 0.04060416666666663 0.21900925925925924
2 0.5032864583333333 0.6212268518518518 0.08876041666666665 0.1599166666666666
1 0.4847604166666667 0.6055555555555555 0.03676041666666663 0.10625925925925925
1 0.502765625 0.618462962962963 0.05508333333333339 0.13999999999999993
2 0.5212239583333333 0.649050925925926 0.08796875000000005 0.20745370370370367
1 0.555765625 0.5675277777777777 0.07982291666666666 0.28883333333333333