1 0.5419479166666666 0.44573148148148145 0.022666666666666658 0.11483333333333332
2 0.5447343749999999 0.4674537037037037 0.02355208333333335 0.07712962962962965
1 0.5531380208333334 0.42025 0.008203125 0.058759259259259296
1 0.5690104166666666 0.43601851851851847 0.0234375 0.08925925925925929
0 0.6536484375 0.4378611111111111 0.04693229166666661 0.05635185185185186
1 0.6972604166666667 0.500800925925926 0.07037499999999994 0.2733981481481481
1 0.812859375 0.4245925925925926 0.015218750000000014 0.09599999999999996
1 0.8438229166666666 0.4159537037037037 0.015791666666666634 0.04809259259259259
1 0.8753723958333334 0.4403425925925926 0.024151041666666727 0.15468518518518518
1 0.465546875 0.44495370370370374 0.01473958333333331 0.1139814814814815
0 0.4807760416666667 0.46997222222222224 0.03240625000000001 0.0970925925925926
1 0.4804583333333333 0.44072222222222224 0.027604166666666666 0.1259259259259259