1 0.06634895833333333 0.44713425925925926 0.02689583333333334 0.09032407407407403
1 0.5525000000000001 0.42490277777777774 0.01395833333333331 0.060564814814814835
1 0.5838020833333334 0.4250833333333333 0.016145833333333335 0.06574074074074074
1 0.2317421875 0.4602268518518518 0.03995312500000002 0.1293611111111111
1 0.2680911458333333 0.429125 0.01452604166666663 0.04095370370370372
1 0.3308932291666667 0.42760185185185184 0.010401041666666621 0.062018518518518535
1 0.3565989583333333 0.42809722222222224 0.010031249999999995 0.06306481481481477
1 0.410609375 0.42914814814814817 0.013572916666666638 0.06262962962962962
1 0.4228385416666666 0.42718981481481483 0.012447916666666654 0.06671296296296297
1 0.46753385416666665 0.4253101851851852 0.010765624999999978 0.06604629629629628
1 0.5214270833333333 0.4266481481481481 0.015354166666666676 0.05312962962962968