1 0.06049479166666667 0.4123611111111111 0.12098958333333334 0.8247222222222222
1 0.6241249999999999 0.10092592592592593 0.015604166666666686 0.08833333333333332
1 0.6543567708333333 0.08668981481481482 0.01597395833333337 0.07958333333333333
1 0.6670208333333333 0.0908611111111111 0.021791666666666622 0.08362962962962962
1 0.7260494791666666 0.08859722222222223 0.014255208333333396 0.07780555555555554
1 0.7512994791666666 0.09153240740740741 0.011671875000000043 0.07323148148148148
1 0.7527161458333335 0.12471296296296296 0.0050156249999999385 0.04981481481481481
1 0.7896848958333333 0.10065277777777779 0.01729687500000002 0.10387962962962964
1 0.32729687500000004 0.080375 0.015541666666666683 0.07119444444444445
0 0.11554947916666668 0.5511990740740741 0.16119270833333335 0.6109351851851852
1 0.5273359375 0.09361574074074075 0.01626562499999995 0.09591666666666666