1 0.5736901041666668 0.36384259259259266 0.017515624999999937 0.08083333333333334
2 0.7861822916666666 0.7527777777777778 0.11659375000000007 0.35481481481481486
1 0.1259375 0.5772175925925925 0.23729166666666668 0.8455648148148148
1 0.8429817708333334 0.6748240740740741 0.15486979166666673 0.6503518518518518
2 0.3135651041666667 0.7534722222222222 0.2625572916666667 0.4930555555555556
1 0.33458333333333334 0.3274074074074074 0.014583333333333334 0.08518518518518518
1 0.4022239583333333 0.3482453703703704 0.01388541666666665 0.09239814814814817
1 0.44640625 0.3361574074074074 0.01572916666666669 0.08342592592592595
1 0.4839557291666666 0.369787037037037 0.013963541666666697 0.07801851851851851
1 0.4990651041666666 0.36330555555555555 0.014786458333333327 0.07801851851851851
1 0.5147942708333333 0.3608287037037037 0.017390624999999993 0.08000925925925922