1 0.05153645833333333 0.6195370370370371 0.10203125 0.3816666666666667
1 0.5667526041666666 0.44739351851851855 0.014411458333333372 0.06484259259259262
1 0.5906067708333335 0.44660185185185186 0.01225520833333332 0.0654259259259259
1 0.6089635416666667 0.47426388888888893 0.011968750000000009 0.07758333333333335
1 0.6346484375 0.47063888888888883 0.013932291666666667 0.10020370370370367
1 0.6719114583333333 0.44856481481481486 0.012010416666666638 0.07157407407407408
1 0.6877005208333333 0.45945833333333336 0.01803645833333339 0.05330555555555555
1 0.6967812500000001 0.48040740740740745 0.01857291666666671 0.027111111111111138
1 0.7088359375000001 0.45559722222222226 0.0116822916666667 0.0356388888888889
1 0.7249453124999999 0.4460833333333334 0.01832812500000003 0.05772222222222225
1 0.7644739583333333 0.4836203703703703 0.030947916666666703 0.15387037037037032
1 0.8760677083333334 0.4502175925925926 0.03078124999999995 0.09012037037037035
1 0.8835182291666667 0.4432175925925925 0.016234375000000037 0.0830833333333333
1 0.9066796875 0.45867592592592593 0.009973958333333382 0.05690740740740744
1 0.9439635416666667 0.4732824074074074 0.019802083333333324 0.08112037037037044
1 0.9614036458333334 0.4614351851851852 0.02396354166666666 0.1050925925925926
1 0.9670677083333333 0.45129629629629625 0.01875 0.09907407407407408
1 0.9841588541666667 0.44695833333333335 0.02449479166666665 0.11597222222222227
2 0.2996510416666667 0.565287037037037 0.09547916666666666 0.18801851851851847
1 0.3261614583333333 0.5020185185185184 0.04165625000000001 0.16849999999999996
1 0.35813802083333335 0.4876481481481481 0.030494791666666642 0.20340740740740743
1 0.38565625000000003 0.45294907407407403 0.01285416666666664 0.06780555555555552
1 0.40332291666666664 0.45145370370370375 0.015625 0.07962962962962969
1 0.42446354166666667 0.4637777777777778 0.020833333333333332 0.08796296296296297
1 0.45425000000000004 0.4792314814814814 0.034312499999999996 0.16246296296296295
1 0.4805286458333333 0.4661574074074074 0.016338541666666668 0.09138888888888883
1 0.5381145833333334 0.5208611111111111 0.05208333333333339 0.14383333333333337