1 0.57671875 0.45468981481481485 0.011458333333333333 0.05025000000000004
1 0.6227864583333333 0.4957407407407407 0.07265625 0.09703703703703699
1 0.10945052083333334 0.49141203703703706 0.10047395833333335 0.22013888888888888
1 0.6428489583333333 0.4655833333333333 0.011593749999999995 0.06772222222222221
0 0.9826380208333333 0.5341388888888889 0.034723958333333374 0.07344444444444438
1 0.16461197916666667 0.5298935185185185 0.058067708333333336 0.2509537037037037
1 0.24860416666666663 0.6138148148148148 0.12133333333333332 0.35014814814814815
1 0.3182291666666667 0.4462962962962963 0.03229166666666667 0.16666666666666666
1 0.4059635416666667 0.43086111111111114 0.008697916666666632 0.04716666666666666
2 0.5137395833333334 0.6333888888888889 0.0759583333333333 0.2785925925925926
1 0.49424739583333327 0.4470694444444444 0.010463541666666683 0.05660185185185185