1 0.5812604166666666 0.2521666666666667 0.024979166666666684 0.12344444444444444
1 0.6002500000000001 0.25547222222222227 0.01679166666666667 0.08924074074074076
1 0.6665520833333333 0.23681018518518518 0.0102291666666666 0.07082407407407408
1 0.8896536458333333 0.24902314814814813 0.011317708333333343 0.059546296296296326
1 0.9014947916666666 0.2448888888888889 0.015343749999999901 0.06337037037037037
1 0.920265625 0.24197222222222226 0.010197916666666747 0.04496296296296297
1 0.357484375 0.2802824074074074 0.02440624999999995 0.12628703703703703
1 0.37266666666666665 0.30000462962962965 0.029666666666666685 0.14721296296296296
1 0.4015208333333334 0.2997314814814815 0.024562499999999984 0.15868518518518515
1 0.42630208333333336 0.30364814814814817 0.030729166666666665 0.1462222222222222
1 0.49100260416666663 0.2629074074074074 0.026223958333333346 0.11844444444444444