0 0.017710937500000003 0.3612824074074074 0.035421875000000005 0.08537962962962967
0 0.5651380208333333 0.31943055555555555 0.058911458333333284 0.07706481481481484
0 0.7741562500000001 0.6361898148148148 0.24519791666666665 0.4670462962962963
1 0.7024635416666667 0.25663888888888886 0.016572916666666753 0.056222222222222194
1 0.8057552083333334 0.3275416666666667 0.05254166666666672 0.22065740740740739
1 0.9897708333333334 0.2591018518518519 0.016500000000000032 0.06901851851851853
1 0.9934479166666667 0.2983472222222222 0.01310416666666671 0.1256759259259259
1 0.1560234375 0.27325925925925926 0.012109375 0.07329629629629629
1 0.17259895833333333 0.2938425925925926 0.020187499999999994 0.10162962962962963
1 0.18949479166666666 0.2866666666666667 0.023374999999999996 0.11220370370370371
1 0.21605729166666668 0.3072592592592593 0.03825 0.13903703703703707
1 0.28308854166666664 0.274837962962963 0.013770833333333362 0.06800925925925926
0 0.3145572916666667 0.31783796296296296 0.0567395833333333 0.07556481481481482
0 0.07845572916666667 0.3556203703703704 0.08394270833333334 0.0952037037037037
0 0.3896796875 0.32444907407407403 0.03102604166666669 0.0925648148148148
1 0.45114583333333336 0.27092592592592596 0.033156249999999984 0.0865925925925926
0 0.49965885416666667 0.3295462962962963 0.047817708333333306 0.06498148148148149
3 0.6169114583333334 0.6592037037037037 0.21549999999999994 0.41288888888888886