1 0.5584374999999999 0.28967592592592595 0.02354166666666669 0.09046296296296295
1 0.611953125 0.45087962962962963 0.09380208333333329 0.49805555555555553
1 0.6991145833333333 0.5087962962962963 0.10760416666666663 0.4388888888888889
1 0.7609895833333333 0.47310185185185183 0.09937499999999998 0.5017592592592592
1 0.8168229166666666 0.31037037037037035 0.019479166666666714 0.08981481481481482
1 0.9247135416666666 0.4374074074074074 0.12244791666666661 0.5007407407407407
1 0.9619010416666666 0.4962037037037038 0.07619791666666664 0.5900000000000001
1 0.29216145833333335 0.3957407407407407 0.09057291666666666 0.4777777777777778
2 0.33 0.7625 0.16572916666666668 0.44907407407407407
1 0.3783333333333333 0.2962962962962963 0.02333333333333331 0.07777777777777778
1 0.40005208333333336 0.29634259259259255 0.016562499999999977 0.09564814814814816
1 0.436640625 0.30907407407407406 0.015260416666666643 0.10074074074074076
1 0.4505729166666666 0.3069907407407407 0.022083333333333323 0.09842592592592593
1 0.4702083333333333 0.30800925925925926 0.018229166666666668 0.11120370370370367
1 0.49440104166666665 0.31958333333333333 0.01796875 0.07194444444444444
1 0.5109375 0.3034398148148148 0.015416666666666618 0.09849074074074074