1 0.5285 0.4334537037037037 0.014145833333333318 0.054388888888888896
1 0.5482682291666667 0.44966203703703705 0.02138020833333331 0.09586111111111109
1 0.5505598958333333 0.4668009259259259 0.019192708333333287 0.09102777777777772
1 0.5957552083333333 0.4479814814814815 0.018593750000000023 0.09551851851851849
1 0.597921875 0.46207870370370374 0.01967708333333344 0.0834351851851852
3 0.6182760416666667 0.5162777777777778 0.04053124999999997 0.10559259259259261
1 0.6179401041666667 0.4700185185185185 0.03214062500000002 0.15922222222222226
1 0.6199088541666666 0.49687037037037035 0.03216145833333333 0.13181481481481477
1 0.6946328125 0.4489351851851852 0.029588541666666638 0.13861111111111116
1 0.8602630208333333 0.498337962962963 0.04926562499999996 0.21202777777777784
1 0.8907552083333333 0.5037962962962963 0.048593750000000095 0.20574074074074078
1 0.02800520833333333 0.3580601851851852 0.02273958333333333 0.1003611111111111
1 0.2561145833333333 0.582 0.06527083333333333 0.22025925925925927
3 0.2609765625 0.6228148148148149 0.07335937500000002 0.15566666666666668
1 0.27260677083333335 0.5478240740740741 0.044890624999999997 0.24379629629629626
3 0.36025 0.6380231481481482 0.06595833333333333 0.15228703703703697
1 0.3547395833333333 0.597925925925926 0.046562499999999986 0.2095185185185185
1 0.3625572916666666 0.5586944444444444 0.047072916666666666 0.24816666666666665
1 0.4441276041666667 0.44363425925925926 0.019661458333333333 0.08532407407407411
1 0.44602864583333335 0.4530138888888889 0.022838541666666618 0.07545370370370372
1 0.47176822916666666 0.4243796296296296 0.014588541666666661 0.06494444444444443
1 0.47360937499999994 0.43516203703703704 0.015072916666666636 0.05560185185185186
1 0.5065416666666667 0.45687962962962964 0.027645833333333356 0.11327777777777781
1 0.4996015625 0.4283518518518519 0.012880208333333342 0.06533333333333334
1 0.5269010416666667 0.42171296296296296 0.013072916666666679 0.06490740740740743