1 0.586828125 0.5996157407407408 0.0948854166666667 0.5153981481481481
1 0.6666875 0.5164722222222222 0.05068749999999997 0.349462962962963
1 0.25513541666666667 0.4107268518518518 0.026937500000000014 0.15613888888888888
1 0.28214062500000003 0.44350925925925927 0.05571875000000001 0.25038888888888894
1 0.32240625 0.3958425925925926 0.016666666666666666 0.09812962962962965
1 0.38735416666666667 0.5030601851851851 0.08935416666666664 0.24925
3 0.38384375 0.5921342592592593 0.07482291666666666 0.17626851851851852
1 0.35626041666666663 0.4034907407407407 0.016125000000000018 0.10246296296296299
1 0.39100520833333335 0.5315416666666667 0.055489583333333314 0.35062037037037036
3 0.5054010416666667 0.587675925925926 0.10631250000000006 0.22620370370370377
1 0.5156223958333334 0.5272824074074073 0.07375520833333328 0.2563611111111111
3 0.5605677083333334 0.6888333333333334 0.11521875000000008 0.21298148148148158