1 0.5444166666666667 0.3374074074074074 0.04293750000000003 0.22481481481481483
1 0.5781223958333332 0.30734259259259256 0.02031770833333333 0.12587037037037035
1 0.6015234374999999 0.3348240740740741 0.036328125 0.23109259259259257
1 0.6224739583333334 0.31066666666666665 0.020052083333333335 0.13811111111111113
1 0.6392552083333333 0.34718055555555555 0.047218750000000045 0.22860185185185183
1 0.6700052083333332 0.2800740740740741 0.015510416666666653 0.06596296296296297
1 0.6975338541666666 0.3423981481481482 0.048786458333333255 0.22353703703703703
1 0.7649843749999999 0.3421296296296296 0.03482291666666673 0.24166666666666667
1 0.7939322916666666 0.3260092592592593 0.030781250000000072 0.16649999999999998
1 0.8220260416666666 0.26982870370370365 0.011677083333333371 0.06367592592592596
1 0.8417447916666667 0.33156481481481487 0.04317708333333326 0.1622407407407407
1 0.8531093750000001 0.258412037037037 0.012739583333333353 0.054472222222222234
1 0.8701302083333334 0.26709722222222226 0.011093749999999977 0.05969444444444442
1 0.8804947916666668 0.2654722222222223 0.011093749999999977 0.07331481481481482
1 0.8925833333333333 0.2589259259259259 0.011708333333333343 0.05603703703703702
1 0.9040130208333333 0.25706944444444446 0.011244791666666623 0.06123148148148148
1 0.9569921875000001 0.28146296296296297 0.029140625000000024 0.10614814814814816
1 0.975609375 0.31467592592592597 0.04878125000000004 0.22064814814814815
1 0.023289062500000002 0.31222222222222223 0.025296875 0.11981481481481479
1 0.1308776041666667 0.3227407407407407 0.04116145833333333 0.20914814814814814
1 0.17356770833333332 0.5418425925925926 0.12588541666666667 0.6926111111111111
3 0.19769531249999997 0.6640416666666666 0.15127604166666664 0.28321296296296294
1 0.2177421875 0.31409722222222225 0.030765625000000026 0.14106481481481478
1 0.37962239583333335 0.34508796296296296 0.04585937499999997 0.2481574074074074
1 0.4355598958333334 0.5311712962962962 0.142109375 0.42117592592592595
3 0.44440104166666666 0.6653703703703704 0.14515625000000001 0.37111111111111106
1 0.05315364583333334 0.31785185185185183 0.031088541666666674 0.12355555555555556
1 0.43670833333333337 0.339375 0.03960416666666665 0.22717592592592592
1 0.4711953125 0.34827314814814814 0.046880208333333326 0.22049074074074074
1 0.5118333333333334 0.3317731481481481 0.04456249999999997 0.22737962962962965