1 0.5448359375 0.3472824074074074 0.013036458333333318 0.06302777777777782
1 0.5852421875 0.34879166666666667 0.016703124999999968 0.07630555555555553
1 0.608859375 0.3533796296296296 0.017281249999999915 0.08231481481481484
1 0.6206770833333334 0.35228240740740746 0.01906249999999995 0.0919166666666667
1 0.6394895833333334 0.35721296296296295 0.018593750000000023 0.08946296296296297
1 0.66775 0.3570787037037037 0.024052083333333366 0.10389814814814813
1 0.7058854166666666 0.39723148148148146 0.034687499999999954 0.1485
1 0.758859375 0.38875462962962964 0.06061458333333339 0.15452777777777776
1 0.7829713541666667 0.5100833333333333 0.10874479166666665 0.47983333333333333
2 0.8214296875 0.6483981481481481 0.12901562500000002 0.37801851851851853
1 0.8562552083333334 0.6351342592592591 0.10561458333333344 0.2849166666666666