1 0.5620598958333333 0.3483333333333334 0.010567708333333314 0.0511111111111111
1 0.5849479166666666 0.3492546296296296 0.015104166666666667 0.05945370370370374
1 0.6459843749999999 0.49079629629629623 0.12303125000000001 0.23377777777777775
3 0.6284817708333333 0.5666805555555555 0.07761979166666665 0.1599722222222222
1 0.6992578125000001 0.4777407407407408 0.07075520833333329 0.24100000000000002
3 0.7056875 0.5538564814814815 0.08164583333333333 0.15543518518518518
1 0.33439583333333334 0.39085185185185184 0.0281875 0.15162962962962961
1 0.3503307291666667 0.37897222222222227 0.024026041666666664 0.15057407407407408
1 0.3804869791666667 0.3854722222222222 0.02506770833333333 0.13924074074074075
1 0.4917213541666667 0.3423425925925926 0.007494791666666659 0.03512962962962963
1 0.5047135416666666 0.3413518518518518 0.007239583333333322 0.03470370370370367