1 0.5420364583333334 0.22480092592592593 0.03194791666666674 0.14232407407407405
1 0.6144505208333333 0.24679629629629626 0.028307291666666737 0.20944444444444443
1 0.08411979166666667 0.1584351851851852 0.047385416666666666 0.25387037037037036
1 0.6671119791666666 0.25745370370370374 0.03161979166666669 0.20627777777777778
0 0.8020572916666666 0.2932314814814815 0.04598958333333331 0.09520370370370375
1 0.811375 0.2486527777777778 0.026010416666666696 0.11832407407407407
0 0.9416458333333334 0.3414537037037037 0.11670833333333329 0.1745
1 0.028390625000000003 0.0870925925925926 0.03801041666666667 0.17248148148148149
2 0.2912734375 0.26128703703703704 0.04141145833333333 0.11094444444444447
1 0.2921223958333333 0.19346296296296295 0.030338541666666666 0.1749259259259259
1 0.2952916666666667 0.2393425925925926 0.02507291666666666 0.05175925925925926
1 0.06185677083333333 0.15327314814814816 0.050765625 0.2621574074074074
1 0.41677864583333335 0.21240277777777777 0.03540104166666668 0.16445370370370369
1 0.43407812500000004 0.2429537037037037 0.04788541666666664 0.23927777777777778