1 0.5437317708333335 0.08907407407407407 0.025453125000000063 0.12462962962962962
1 0.5595494791666666 0.09501851851851852 0.02788020833333332 0.1671851851851852
1 0.57971875 0.09753703703703705 0.02191666666666663 0.1352962962962963
1 0.5988619791666667 0.0937037037037037 0.029463541666666634 0.17962962962962964
1 0.62384375 0.09183796296296297 0.03408333333333336 0.16410185185185186
1 0.6508854166666667 0.09462962962962963 0.03927083333333338 0.18925925925925927
1 0.6611770833333334 0.09411111111111112 0.031625000000000014 0.1514259259259259
1 0.6734791666666666 0.09187962962962963 0.03543749999999998 0.17253703703703704
1 0.7187630208333334 0.06351851851851852 0.025598958333333262 0.12703703703703703
1 0.762375 0.09856481481481481 0.0503749999999999 0.19712962962962963
1 0.7470442708333334 0.06237037037037037 0.01934895833333338 0.12266666666666666
1 0.7784739583333333 0.10342592592592594 0.03951041666666662 0.20685185185185187
1 0.8870260416666668 0.12762500000000002 0.0433229166666667 0.25525000000000003
1 0.9045338541666667 0.14133796296296297 0.07426562499999996 0.28158333333333335
1 0.36015625 0.09553703703703705 0.015104166666666667 0.06522222222222224
1 0.45094270833333333 0.10466666666666667 0.029572916666666713 0.14251851851851854
1 0.48880208333333336 0.17462962962962963 0.09010416666666667 0.34925925925925927