1 0.00953125 0.28185648148148146 0.0190625 0.10721296296296298
1 0.07047395833333334 0.27662037037037035 0.025406249999999995 0.09324074074074076
1 0.5797838541666667 0.2285787037037037 0.010953124999999985 0.04765740740740743
1 0.5937760416666666 0.27416666666666667 0.02296874999999995 0.0716666666666667
1 0.7587864583333332 0.4425648148148148 0.07284374999999994 0.37098148148148147
1 0.8285026041666667 0.2679027777777778 0.02648437500000007 0.08289814814814818
1 0.8422708333333333 0.2774861111111111 0.021395833333333412 0.10206481481481483
1 0.9517500000000001 0.26769444444444446 0.03337500000000008 0.08572222222222221
1 0.9901041666666667 0.3349537037037037 0.019791666666666666 0.17731481481481481
1 0.182890625 0.26935185185185184 0.022031250000000006 0.09611111111111112
1 0.0289921875 0.2827546296296296 0.02097395833333333 0.0915277777777778
1 0.20170312499999998 0.27087962962962964 0.020833333333333332 0.08888888888888889
1 0.03874739583333334 0.2931527777777778 0.032296875 0.1231388888888889
1 0.37944791666666666 0.24521296296296294 0.014583333333333334 0.06296296296296294
1 0.43482031250000003 0.23366666666666666 0.01306770833333335 0.058407407407407394
1 0.058984375 0.2779537037037037 0.019114583333333327 0.09020370370370369