1 0.60546875 0.22453703703703703 0.019270833333333334 0.09166666666666666
1 0.6684114583333333 0.5566666666666668 0.07223958333333336 0.3309259259259259
1 0.6768854166666666 0.25300925925925927 0.025 0.14194444444444443
1 0.7109635416666666 0.24547222222222223 0.029166666666666667 0.12164814814814817
1 0.7345703125 0.2562175925925926 0.021484375 0.11200925925925925
1 0.7864322916666667 0.4418703703703704 0.09578125000000005 0.48274074074074075
2 0.7987421875 0.5772175925925925 0.11074479166666672 0.3768611111111111
1 0.7955807291666666 0.6020648148148149 0.0758906249999999 0.2089074074074074
1 0.1558151041666667 0.5044027777777778 0.06607812500000002 0.24286111111111108
2 0.23476302083333334 0.3180648148148148 0.049838541666666666 0.11072222222222221
1 0.23186197916666668 0.3280509259259259 0.03419270833333332 0.06500925925925924
1 0.2777890625 0.28208796296296296 0.03359895833333333 0.1743425925925926
2 0.32258333333333333 0.3743796296296297 0.05704166666666666 0.17679629629629628
1 0.3615364583333333 0.31383333333333335 0.04359375000000002 0.2722222222222222
1 0.3790364583333333 0.2639814814814815 0.024739583333333332 0.16499999999999998
1 0.41380208333333335 0.2862175925925926 0.021354166666666667 0.10997222222222224
1 0.41408072916666666 0.3047638888888889 0.015380208333333319 0.06565740740740743
3 0.5656302083333333 0.7342777777777778 0.24671874999999996 0.40409259259259267
1 0.5933229166666667 0.6127037037037038 0.22000000000000006 0.5695925925925925