1 0.5854531250000001 0.4849537037037037 0.04159374999999995 0.22138888888888886
1 0.6131484374999999 0.4479212962962963 0.01984895833333328 0.12360185185185187
1 0.13903385416666666 0.5983611111111111 0.11598437500000001 0.5547592592592592
3 0.18481770833333336 0.6946296296296297 0.14039583333333333 0.2383148148148148
1 0.18440364583333332 0.5770138888888888 0.11890104166666667 0.28967592592592595
3 0.3085546875 0.7002731481481482 0.13246354166666668 0.2665092592592593
1 0.3166302083333334 0.5783148148148147 0.12351041666666666 0.3244814814814814
1 0.3777265625 0.4217222222222223 0.016598958333333337 0.1161851851851852
1 0.40515625000000005 0.41921296296296295 0.022083333333333323 0.10620370370370374
1 0.47871614583333333 0.4671435185185185 0.03090104166666663 0.16108333333333336
1 0.5025546875 0.4144583333333333 0.012078125000000028 0.0940462962962963
1 0.517421875 0.46845833333333337 0.028593749999999987 0.15419444444444447
1 0.5454921875000001 0.4834722222222222 0.04942187499999999 0.22842592592592592