3 0.7349166666666667 0.7236851851851851 0.20668750000000008 0.37022222222222223
1 0.7509557291666666 0.6008333333333333 0.1756927083333333 0.38685185185185184
1 0.8882838541666668 0.6237268518518518 0.10520312500000001 0.7525462962962963
1 0.952984375 0.6168518518518519 0.09403124999999998 0.6914814814814815
3 0.21264322916666664 0.44016203703703705 0.11648437500000001 0.17486111111111108
1 0.20076302083333336 0.3331574074074074 0.032328125 0.07757407407407405
1 0.3997890625 0.60275 0.11719270833333333 0.6719074074074074
0 0.45496614583333334 0.46163425925925927 0.05496354166666665 0.1415462962962963
1 0.45920572916666663 0.4066527777777778 0.04356770833333332 0.20928703703703708
1 0.4924296875 0.36662500000000003 0.01274479166666668 0.06212037037037035
1 0.5038072916666666 0.3653009259259259 0.00894791666666664 0.061250000000000034