1 0.5405729166666667 0.4694212962962963 0.01552083333333331 0.07060185185185185
1 0.5605234375 0.46930555555555553 0.013640625000000028 0.0610185185185185
1 0.6833697916666668 0.5190694444444445 0.04180208333333333 0.2179722222222222
2 0.7075416666666666 0.5616666666666666 0.05377083333333334 0.11277777777777774
1 0.7159166666666666 0.5404444444444445 0.037229166666666674 0.08951851851851847
1 0.307421875 0.5319444444444444 0.03630208333333336 0.22314814814814815
1 0.3748958333333333 0.5441666666666667 0.04354166666666668 0.24759259259259256
1 0.42097395833333334 0.542537037037037 0.050343749999999986 0.261037037037037
1 0.45638541666666665 0.4777453703703704 0.016500000000000032 0.09210185185185188
1 0.48364583333333333 0.4973611111111111 0.03270833333333331 0.13361111111111107
1 0.5193125000000001 0.4947407407407407 0.03397916666666667 0.13699999999999998