0 0.024010416666666666 0.34632870370370367 0.04802083333333333 0.1139537037037037
0 0.5769192708333333 0.42794444444444446 0.08918229166666662 0.18577777777777776
0 0.6111562500000001 0.4572222222222222 0.09102083333333333 0.23611111111111105
0 0.6593098958333333 0.5023101851851852 0.10773437499999995 0.2987129629629629
3 0.7645598958333333 0.5657824074074075 0.18614062500000006 0.4371388888888889
1 0.10120833333333333 0.3156111111111111 0.030729166666666665 0.17435185185185184
1 0.16179427083333334 0.37536574074074075 0.09172395833333333 0.3594537037037037
1 0.14127864583333333 0.3363287037037037 0.034421875000000005 0.21030555555555558
1 0.20527864583333333 0.2937083333333333 0.024338541666666675 0.0981388888888889
0 0.2304140625 0.3081435185185185 0.019484375000000012 0.053712962962962955
1 0.2341666666666667 0.29898148148148146 0.0125 0.07222222222222222
1 0.25247395833333336 0.30694444444444446 0.022239583333333358 0.09888888888888885
1 0.2667604166666667 0.32958796296296294 0.028458333333333325 0.15082407407407405
1 0.022473958333333335 0.3119027777777778 0.039114583333333335 0.18137962962962964
1 0.27724739583333335 0.30546296296296294 0.023526041666666647 0.1048148148148148
1 0.30027343749999996 0.33469444444444446 0.03226562500000003 0.15135185185185182
1 0.305359375 0.3145277777777778 0.024364583333333318 0.11724074074074074
1 0.3272369791666667 0.35090740740740745 0.04031770833333332 0.18744444444444444
1 0.37332812499999996 0.4643518518518518 0.07584375 0.4838888888888888
1 0.3497682291666667 0.3270092592592592 0.023526041666666647 0.12635185185185183
1 0.05494270833333333 0.31422222222222224 0.02782291666666666 0.15229629629629632
1 0.44480468749999996 0.36026388888888894 0.045286458333333356 0.21058333333333334
1 0.5064479166666667 0.4506481481481482 0.07793750000000005 0.422962962962963