1 0.5502552083333333 0.44628703703703704 0.03282291666666666 0.13187037037037044
1 0.6160651041666667 0.4500925925925926 0.036307291666666686 0.13351851851851856
1 0.6216041666666666 0.4798009259259259 0.03877083333333336 0.16928703703703707
1 0.6826848958333334 0.413962962962963 0.010984374999999958 0.06188888888888887
1 0.7094088541666667 0.4455972222222222 0.03295312499999999 0.11047222222222222
1 0.7802161458333333 0.4975925925925926 0.04915104166666673 0.23833333333333337
1 0.8357083333333333 0.4475601851851852 0.04150000000000003 0.13191666666666668
1 0.9489270833333333 0.46576388888888887 0.0433958333333333 0.1553240740740741
0 0.23032552083333332 0.5728564814814815 0.09226562499999999 0.20095370370370372
1 0.2270703125 0.4855092592592593 0.07565104166666667 0.27472222222222226
1 0.36302864583333333 0.45268055555555553 0.036442708333333344 0.1338981481481482
1 0.40953124999999996 0.4505601851851852 0.0234375 0.12295370370370372
1 0.4436666666666666 0.4109814814814815 0.013708333333333359 0.06822222222222223
1 0.4855625 0.4556898148148148 0.03877083333333336 0.13786111111111116