1 0.5456770833333332 0.2931527777777778 0.021249999999999977 0.11795370370370371
0 0.56896875 0.37206018518518524 0.04477083333333335 0.1508796296296296
1 0.5803854166666668 0.34456018518518516 0.05881249999999992 0.1958796296296296
1 0.5730208333333333 0.29294444444444445 0.024697916666666705 0.12470370370370373
1 0.09428125 0.3151111111111112 0.07185416666666665 0.24903703703703708
1 0.6175520833333333 0.32262962962962966 0.03333333333333333 0.1851111111111111
1 0.6836015624999999 0.3273009259259259 0.037588541666666586 0.18687962962962962
1 0.7398697916666667 0.32545833333333335 0.03703124999999995 0.20149074074074075
1 0.75884375 0.3448611111111111 0.04731250000000008 0.22120370370370368
1 0.9090703125 0.6130416666666667 0.18185937500000005 0.7739166666666667
1 0.28651041666666666 0.6019814814814815 0.21677083333333336 0.7960370370370371
1 0.2650546875 0.27601851851851855 0.04395312500000002 0.15666666666666665
1 0.3506041666666667 0.34830555555555553 0.04990625000000003 0.24705555555555556
2 0.4238671875 0.3489537037037037 0.041119791666666634 0.12431481481481481
1 0.42577864583333336 0.3084305555555556 0.033442708333333356 0.16517592592592595
1 0.4228515625 0.31869444444444445 0.026401041666666694 0.060648148148148145
1 0.45577604166666663 0.31174074074074076 0.04198958333333334 0.17540740740740737
1 0.47481510416666667 0.2656759259259259 0.012453124999999983 0.06825925925925928
1 0.5029765625 0.34023611111111113 0.05092187499999999 0.20471296296296293
1 0.49118489583333336 0.2659074074074074 0.009817708333333345 0.06170370370370369