1 0.5997369791666666 0.470212962962963 0.017442708333333338 0.08524074074074074
3 0.6673177083333334 0.7537685185185184 0.10661458333333323 0.20974074074074084
1 0.6674479166666667 0.6623472222222223 0.08970833333333322 0.30943518518518515
0 0.6404765625000001 0.47555092592592596 0.021963541666666586 0.06423148148148143
0 0.7871145833333333 0.6179675925925926 0.14942708333333338 0.20965740740740735
0 0.8857031249999999 0.6495972222222223 0.21977083333333336 0.24876851851851847
2 0.8451276041666667 0.6996157407407407 0.11016145833333332 0.24263888888888896
0 0.39374479166666665 0.5480601851851852 0.04634375000000001 0.1349166666666667
0 0.43761458333333336 0.5083148148148149 0.031166666666666683 0.0826851851851852
1 0.5756822916666666 0.658773148148148 0.13196875 0.31930555555555556
3 0.5637109375 0.7649583333333333 0.09574479166666669 0.22550925925925921