1 0.5459114583333334 0.4580092592592592 0.02411458333333331 0.11787037037037033
1 0.7262500000000001 0.6463842592592592 0.13374999999999998 0.6379722222222222
0 0.878625 0.6630231481481482 0.1330625 0.3350648148148148
1 0.8795963541666667 0.5404074074074074 0.12039062500000004 0.41640740740740745
1 0.1626484375 0.5139212962962962 0.063765625 0.19974999999999996
1 0.37452864583333334 0.46743518518518523 0.018234374999999994 0.09846296296296295
1 0.39168749999999997 0.4647222222222222 0.01527083333333336 0.09481481481481485
1 0.41215625 0.4682777777777778 0.021208333333333346 0.09437037037037044
2 0.45208333333333334 0.5075555555555555 0.024583333333333356 0.0993333333333333
1 0.45353125 0.4739120370370371 0.02550000000000002 0.12247222222222226
1 0.45052864583333335 0.506337962962963 0.018401041666666628 0.03684259259259256
1 0.46991145833333337 0.44833333333333336 0.011979166666666667 0.06203703703703709
1 0.48684375 0.4493287037037037 0.009593750000000038 0.05050925925925922
1 0.5255833333333333 0.448125 0.01033333333333329 0.04810185185185184