1 0.5508072916666666 0.2964351851851852 0.021406249999999953 0.1282407407407407
1 0.571484375 0.3363888888888889 0.037760416666666664 0.1772222222222222
1 0.6037760416666667 0.3315740740740741 0.029010416666666573 0.19055555555555556
1 0.6239322916666666 0.29768518518518516 0.018802083333333285 0.08981481481481482
2 0.6971614583333334 0.6749537037037038 0.14984375000000003 0.48861111111111105
1 0.2735677083333333 0.29898148148148146 0.022031249999999978 0.13055555555555554
1 0.3223697916666667 0.3327777777777778 0.03192708333333337 0.18611111111111112
1 0.3573177083333333 0.3376851851851852 0.05255208333333332 0.22462962962962962
1 0.41466145833333334 0.42930555555555555 0.11005208333333331 0.4658333333333334
1 0.39372135416666665 0.2997962962962963 0.028598958333333317 0.1239259259259259
1 0.48653645833333337 0.3458333333333333 0.03380208333333332 0.19537037037037036
1 0.515078125 0.3411574074074074 0.03755208333333335 0.20101851851851854