1 0.8577682291666666 0.29758796296296297 0.009151041666666634 0.040935185185185165
1 0.8665286458333334 0.29767592592592595 0.009651041666666653 0.04335185185185184
1 0.0221640625 0.34775 0.016505208333333334 0.0470925925925926
1 0.186 0.3289027777777778 0.012687500000000008 0.030712962962962977
3 0.27745833333333336 0.8044120370370371 0.18633333333333335 0.36969444444444455
1 0.3206354166666667 0.6210046296296295 0.22997916666666668 0.46965740740740736
1 0.44273437499999996 0.5623425925925927 0.1449479166666667 0.38753703703703707
3 0.4470572916666667 0.7055092592592593 0.14828125000000003 0.3686111111111111
1 0.43885416666666666 0.3514537037037037 0.025 0.1146851851851852
1 0.4659609375 0.32881481481481484 0.011203124999999996 0.0603333333333333
1 0.47450260416666673 0.33275 0.018286458333333342 0.07412962962962963
1 0.49421875 0.3471018518518519 0.01875 0.11079629629629627
1 0.5067708333333333 0.3431666666666667 0.012916666666666642 0.07996296296296297
1 0.5192239583333333 0.3466851851851852 0.020510416666666663 0.10996296296296296