0 0.012526041666666666 0.38987499999999997 0.025052083333333332 0.04367592592592589
1 0.5743072916666667 0.5423518518518519 0.06378125000000003 0.29214814814814816
1 0.5910755208333334 0.42508333333333337 0.052119791666666755 0.22687037037037042
1 0.07214843750000001 0.3815046296296296 0.013515625000000002 0.06754629629629628
0 0.8133333333333332 0.6531851851851852 0.20302083333333332 0.25103703703703706
0 0.905703125 0.6910694444444445 0.17442708333333337 0.2608240740740741
1 0.13534375 0.41659722222222223 0.039000000000000014 0.1614351851851852
1 0.23599739583333335 0.5550601851851852 0.08633854166666666 0.4271018518518519
2 0.3106848958333333 0.7026111111111112 0.09967187500000003 0.35762962962962963
1 0.28444791666666663 0.4031851851851852 0.019229166666666703 0.09233333333333336
1 0.31135416666666665 0.402662037037037 0.013020833333333334 0.05162037037037037
1 0.38243489583333334 0.522337962962963 0.074609375 0.2911574074074075
0 0.0606953125 0.3942037037037037 0.04205729166666667 0.04131481481481482
1 0.49979687500000003 0.5275277777777778 0.058427083333333366 0.3171666666666667