1 0.02109375 0.5178842592592593 0.0421875 0.27052777777777776
1 0.5341927083333334 0.46891666666666665 0.008729166666666661 0.05750000000000002
3 0.6023098958333333 0.6377314814814815 0.08850520833333336 0.19472222222222219
1 0.6091406250000001 0.5923333333333334 0.07015625000000002 0.36218518518518517
1 0.6991927083333334 0.5925925925925926 0.05984375000000005 0.32407407407407407
1 0.10605208333333334 0.45437962962962963 0.021541666666666674 0.10494444444444442
1 0.3672682291666666 0.4641018518518519 0.010838541666666639 0.03853703703703699
1 0.3794895833333333 0.4610787037037037 0.008499999999999968 0.044583333333333315
1 0.39880989583333337 0.511337962962963 0.037380208333333324 0.16843518518518522
1 0.4302604166666667 0.48743055555555553 0.02302083333333336 0.0999537037037037
1 0.4503697916666667 0.468837962962963 0.012177083333333331 0.06436111111111116
1 0.45875520833333333 0.46523148148148147 0.011052083333333289 0.058185185185185215
1 0.48518229166666665 0.46921296296296294 0.011406249999999988 0.05472222222222219
1 0.50146875 0.4764120370370371 0.018312499999999985 0.07254629629629632
1 0.5191822916666666 0.47598148148148145 0.014656249999999992 0.07822222222222219