1 0.010416666666666666 0.3619351851851852 0.020833333333333332 0.12242592592592595
1 0.5323359375 0.3420462962962963 0.021786458333333356 0.0735
1 0.5703125 0.35615740740740737 0.019791666666666666 0.11805555555555555
1 0.5953515625 0.33198148148148143 0.012421874999999952 0.059925925925925896
1 0.6592812499999999 0.5038101851851852 0.0982083333333333 0.32941666666666664
3 0.666875 0.5951527777777778 0.10906249999999992 0.2658055555555555
1 0.071765625 0.3293148148148148 0.011260416666666662 0.03655555555555552
1 0.6681067708333333 0.3259444444444444 0.013890624999999919 0.06107407407407406
1 0.6900260416666666 0.32358333333333333 0.011093749999999977 0.05635185185185181
1 0.6986718749999999 0.3281759259259259 0.015989583333333356 0.06920370370370371
1 0.7554375 0.341375 0.02495833333333337 0.11484259259259257
1 0.0354921875 0.36666666666666664 0.03266145833333333 0.11870370370370374
1 0.33167187499999995 0.33658796296296295 0.026968750000000045 0.09793518518518517
1 0.57721875 0.5487083333333334 0.16004166666666672 0.3394351851851852
3 0.5574427083333333 0.6677546296296296 0.11084375000000003 0.24541666666666673