0 0.7019088541666666 0.4382962962962963 0.0743072916666667 0.10544444444444438
1 0.8260338541666667 0.41982407407407407 0.022307291666666746 0.08035185185185188
1 0.9113020833333334 0.43050925925925926 0.016979166666666618 0.06657407407407405
1 0.931890625 0.4312638888888889 0.014447916666666671 0.06302777777777777
1 0.9523046875 0.4322638888888889 0.012369791666666666 0.05325000000000005
1 0.9735859374999999 0.4293564814814815 0.01814062500000008 0.07628703703703703
1 0.19541666666666666 0.4730555555555555 0.06041666666666667 0.3072222222222222
0 0.10322916666666666 0.6118518518518518 0.15385416666666665 0.272962962962963
1 0.32109375 0.48055555555555557 0.049479166666666664 0.2574074074074074
2 0.3705989583333333 0.6919444444444444 0.14421874999999998 0.3744444444444444
1 0.40891927083333335 0.41763888888888884 0.00966145833333331 0.046944444444444434
1 0.44896614583333333 0.4184907407407408 0.0061302083333333235 0.04264814814814815