1 0.549609375 0.17908796296296295 0.012447916666666715 0.07997222222222222
1 0.5639453125 0.18026851851851852 0.012973958333333376 0.07594444444444443
1 0.17269270833333333 0.2348657407407407 0.05809374999999998 0.27925
1 0.20048697916666666 0.24614814814814812 0.07569270833333336 0.3765925925925926
1 0.32749739583333337 0.1998935185185185 0.01625520833333329 0.08910185185185185
1 0.36531250000000004 0.20322685185185185 0.02062500000000001 0.10613888888888891
1 0.37818229166666667 0.19536574074074076 0.022177083333333295 0.10741666666666666
1 0.41437239583333335 0.19379166666666667 0.021880208333333328 0.11649074074074074
1 0.4337473958333334 0.1962037037037037 0.02854687500000003 0.15388888888888888
1 0.46572395833333335 0.18841666666666668 0.016885416666666646 0.08724074074074074
1 0.4782838541666667 0.19795833333333332 0.021140625000000017 0.1103796296296296
1 0.5019791666666666 0.18879166666666666 0.019999999999999987 0.10982407407407406