1 0.04157552083333334 0.6810925925925925 0.08315104166666668 0.6378148148148147
1 0.67940625 0.7998703703703703 0.17410416666666664 0.40025925925925926
1 0.09223177083333332 0.6219444444444445 0.05428645833333333 0.16796296296296295
1 0.8126770833333333 0.740675925925926 0.28204166666666663 0.5186481481481481
1 0.9552083333333333 0.6643796296296296 0.08958333333333333 0.44383333333333336
1 0.1676328125 0.569699074074074 0.04515104166666666 0.17967592592592588
3 0.34670833333333334 0.9071157407407406 0.27638541666666666 0.18576851851851853
1 0.36452083333333335 0.8027777777777778 0.21908333333333335 0.39444444444444443
1 0.4838802083333333 0.6855787037037037 0.07369791666666667 0.43662037037037044
3 0.5073307291666667 0.7655833333333333 0.08606770833333334 0.20120370370370377
1 0.5096953125 0.6648750000000001 0.07238020833333329 0.3004351851851851