1 0.5864635416666667 0.6731157407407408 0.10978125000000004 0.4565462962962963
1 0.6054114583333333 0.5166249999999999 0.02332291666666665 0.1321203703703703
1 0.6301041666666668 0.503462962962963 0.029270833333333357 0.1184444444444445
1 0.6578489583333335 0.5137268518518519 0.022218750000000044 0.10828703703703697
1 0.6890625 0.5211805555555555 0.02166666666666662 0.10652777777777774
1 0.7805468750000001 0.6776851851851852 0.1266145833333334 0.49148148148148146
0 0.7935963541666666 0.8001064814814814 0.1474947916666667 0.37552777777777785
1 0.754046875 0.5197361111111112 0.036802083333333256 0.150712962962963
1 0.8335833333333333 0.7092314814814815 0.11450000000000007 0.581537037037037
1 0.9354609375 0.7028055555555556 0.12907812499999996 0.594388888888889
2 0.2865625 0.5862962962962963 0.07208333333333332 0.18851851851851853
1 0.29661458333333335 0.4867592592592593 0.0234375 0.13685185185185186
1 0.33451302083333334 0.5008842592592593 0.0297239583333333 0.12712037037037038
1 0.3740625 0.5769444444444445 0.061666666666666654 0.30944444444444447
1 0.35764062500000005 0.5043842592592592 0.022218749999999985 0.13882407407407413
1 0.42770833333333336 0.5333611111111111 0.03614583333333332 0.2119814814814815
1 0.44561458333333337 0.5740416666666667 0.06522916666666667 0.3021018518518519
1 0.51115625 0.6719722222222222 0.08195833333333329 0.4953148148148149