1 0.5430338541666667 0.49067129629629624 0.027265624999999953 0.1286574074074074
3 0.5507083333333332 0.5271157407407409 0.03410416666666668 0.06558333333333337
1 0.6112083333333334 0.5133749999999999 0.03602083333333326 0.19991666666666663
1 0.662453125 0.4847685185185185 0.019468749999999937 0.0602777777777778
1 0.6862447916666667 0.4890185185185185 0.01626041666666668 0.08659259259259258
3 0.7087838541666667 0.5520462962962963 0.0399322916666667 0.0801666666666667
1 0.706765625 0.5160555555555556 0.03146875000000004 0.1549259259259259
1 0.7364010416666666 0.4861851851851851 0.01782291666666668 0.08651851851851847
3 0.7858255208333332 0.5983888888888889 0.06345312500000008 0.13859259259259266
1 0.7866380208333333 0.5354629629629629 0.050369791666666684 0.2659259259259259
1 0.8272395833333334 0.5186064814814815 0.0375 0.19352777777777783
1 0.8574687500000001 0.4759629629629629 0.01079166666666668 0.04992592592592594
1 0.8859375 0.4793703703703704 0.0125 0.053851851851851824
1 0.15620052083333336 0.541611111111111 0.08353645833333334 0.24140740740740738
1 0.20092447916666664 0.5316620370370371 0.08138020833333333 0.29426851851851854
3 0.24566666666666667 0.5994953703703703 0.0841875 0.14693518518518514
1 0.25545833333333334 0.5332314814814815 0.07335416666666665 0.20187037037037037
1 0.29669791666666673 0.5965833333333332 0.09014583333333336 0.5018333333333334
3 0.3408203125 0.6947962962962962 0.13815104166666667 0.2042962962962964
1 0.35276822916666667 0.5877453703703703 0.09946354166666663 0.27876851851851847
3 0.3654453125 0.5534212962962962 0.05723437499999999 0.09426851851851857
1 0.37621874999999994 0.5142638888888889 0.042875000000000024 0.13776851851851848
1 0.4533984375 0.5936064814814815 0.09632812500000003 0.4740833333333333
3 0.5264765625 0.5498101851851852 0.04506770833333326 0.08963888888888895
1 0.5202838541666667 0.5111018518518519 0.029744791666666673 0.17779629629629629