2 0.5712109375 0.65825 0.07895312500000001 0.2546111111111111
1 0.5735755208333333 0.4585138888888889 0.03930729166666668 0.16426851851851848
1 0.5803854166666668 0.4959675925925926 0.029072916666666632 0.13691666666666671
1 0.6065130208333334 0.6317962962962962 0.06947395833333339 0.44529629629629625
1 0.5979817708333334 0.4153148148148148 0.018869791666666677 0.09022222222222222
1 0.7489843749999999 0.5155555555555555 0.047968749999999956 0.1940740740740741
0 0.033776041666666666 0.32561574074074073 0.052031249999999994 0.05617592592592594
1 0.8852916666666667 0.5681759259259259 0.06733333333333344 0.29235185185185186
2 0.27302604166666666 0.5253842592592592 0.06646875000000001 0.16775
1 0.30589322916666667 0.49928703703703703 0.08102604166666669 0.28864814814814815
1 0.29984375 0.3964537037037037 0.04029166666666668 0.1609444444444445
1 0.31693229166666664 0.36540277777777774 0.01275000000000001 0.09612037037037037
1 0.32815104166666664 0.37311111111111117 0.015812500000000007 0.09611111111111112
1 0.36201302083333337 0.413662037037037 0.03941145833333331 0.1963796296296296
1 0.4056979166666667 0.3874722222222223 0.017708333333333333 0.09074074074074075
1 0.4280703125 0.437587962962963 0.039484374999999974 0.20241666666666663
1 0.465625 0.612037037037037 0.090625 0.45185185185185184
1 0.4881979166666666 0.40099074074074076 0.016572916666666694 0.08296296296296299
1 0.5429088541666667 0.48347685185185185 0.044807291666666714 0.21415740740740738