1 0.7156614583333333 0.3829074074074074 0.015625 0.07407407407407407
1 0.7345677083333333 0.38180092592592596 0.013364583333333376 0.07232407407407404
1 0.75271875 0.3817175925925926 0.014250000000000066 0.07323148148148151
1 0.14917447916666665 0.367337962962963 0.02592187500000002 0.14495370370370372
1 0.180546875 0.37329166666666663 0.024739583333333332 0.1421203703703703
1 0.21165104166666668 0.3776157407407407 0.027427083333333317 0.13587962962962963
1 0.24661458333333333 0.3715277777777778 0.025520833333333333 0.12824074074074074
1 0.4020364583333333 0.47886111111111107 0.0484375 0.16759259259259254
3 0.4051458333333333 0.5289907407407407 0.05002083333333331 0.11405555555555551
1 0.47239583333333335 0.5888888888888889 0.1 0.2777777777777778
3 0.46953125 0.6709259259259259 0.08802083333333334 0.19703703703703698