1 0.5809010416666667 0.45622222222222225 0.03798958333333336 0.19014814814814812
1 0.6177239583333333 0.458875 0.03726041666666665 0.20224999999999996
1 0.6537291666666666 0.415875 0.01572916666666669 0.0812314814814815
1 0.7023828125 0.4693009259259259 0.03763020833333333 0.1954722222222222
1 0.7613229166666666 0.40861111111111115 0.016666666666666666 0.08333333333333333
0 0.800171875 0.4041944444444444 0.041010416666666674 0.04550000000000004
1 0.80234375 0.3851851851851852 0.011979166666666667 0.06481481481481481
1 0.9287630208333333 0.4838888888888889 0.080078125 0.33425925925925926
1 0.1715703125 0.45775 0.051651041666666675 0.18598148148148144
2 0.19877864583333332 0.48241666666666666 0.062223958333333315 0.11833333333333329
0 0.4223697916666667 0.4857962962962963 0.03848958333333332 0.11062962962962959
1 0.42347395833333334 0.4488287037037037 0.03451041666666666 0.15437962962962964