1 0.5510520833333333 0.3864351851851852 0.042708333333333334 0.14138888888888887
1 0.5989010416666666 0.4357083333333333 0.09240624999999993 0.458212962962963
1 0.7370104166666667 0.4559259259259259 0.06681249999999998 0.384074074074074
1 0.7961614583333334 0.5290370370370371 0.10288541666666677 0.5409999999999999
1 0.2950651041666667 0.5833935185185186 0.09444270833333336 0.5354351851851852
3 0.30407552083333333 0.643912037037037 0.10906770833333332 0.2776203703703704
1 0.4015494791666666 0.31557407407407406 0.015963541666666654 0.09533333333333337
1 0.41818750000000005 0.31895370370370374 0.02737500000000003 0.08301851851851855
1 0.44627343750000004 0.3157361111111111 0.018598958333333353 0.10371296296296295
3 0.528109375 0.6157824074074074 0.1538854166666667 0.4273055555555555
1 0.46849999999999997 0.3225 0.02102083333333334 0.10981481481481484
1 0.5177864583333334 0.5640740740740741 0.10431249999999999 0.40203703703703697
1 0.5019765625 0.3176805555555556 0.02521354166666665 0.13723148148148145