1 0.546875 0.40305555555555556 0.026041666666666668 0.15240740740740744
1 0.5566822916666666 0.3951851851851852 0.027052083333333362 0.13851851851851854
3 0.6036744791666666 0.5762546296296297 0.07086979166666664 0.12991666666666662
1 0.6129453125000001 0.5042083333333333 0.0848385416666666 0.2097314814814814
1 0.62421875 0.4281435185185185 0.03697916666666667 0.18482407407407414
3 0.6596796875000001 0.5684490740740741 0.0679322916666667 0.12402777777777771
1 0.6575520833333334 0.49962962962962965 0.0609375 0.20666666666666672
1 0.7022395833333334 0.41333333333333333 0.02677083333333338 0.13222222222222219
1 0.717609375 0.41754629629629636 0.021875 0.1289814814814815
1 0.7362369791666665 0.42012037037037037 0.028359375000000023 0.1545740740740741
1 0.901015625 0.4858333333333334 0.04473958333333338 0.23648148148148146
1 0.33934375 0.4900648148148148 0.07708333333333334 0.430425925925926
1 0.46484375 0.47638888888888886 0.06927083333333334 0.3175925925925926
1 0.5190104166666667 0.4050925925925926 0.034895833333333334 0.14907407407407408