1 0.8328776041666667 0.4617407407407408 0.0129635416666666 0.04911111111111113
1 0.1340338541666667 0.5408101851851852 0.061098958333333335 0.3004166666666666
2 0.16671614583333336 0.585462962962963 0.06345312499999999 0.16451851851851848
1 0.24461979166666664 0.5451296296296296 0.059510416666666635 0.3012222222222222
2 0.26807031249999996 0.5772361111111111 0.054640624999999984 0.17156481481481478
1 0.36385677083333334 0.4737314814814815 0.03561979166666666 0.12549999999999997
1 0.4726692708333334 0.4738287037037037 0.011265624999999998 0.04760185185185193
1 0.4836145833333333 0.4592824074074074 0.011052083333333348 0.05780555555555556
1 0.48595052083333334 0.47250925925925924 0.011046875000000018 0.046462962962962914
1 0.49636458333333333 0.4613657407407407 0.011052083333333348 0.06649074074074068
1 0.5247239583333333 0.45540740740740737 0.013020833333333334 0.061037037037037