1 0.9402421875000001 0.42161111111111116 0.027744791666666657 0.09862962962962966
1 0.9510390624999999 0.42564814814814816 0.03365104166666662 0.09703703703703705
0 0.21859375000000003 0.5423657407407407 0.24062500000000003 0.2754537037037037
1 0.20054947916666668 0.5392962962962964 0.12035937500000002 0.7771481481481481
0 0.3292213541666667 0.42358796296296297 0.06832812500000003 0.0750462962962963
1 0.3961692708333333 0.44451851851851854 0.04974479166666666 0.23077777777777783
2 0.3985989583333333 0.49959259259259264 0.053947916666666686 0.17433333333333337
1 0.4090911458333333 0.4048981481481481 0.023994791666666692 0.1246111111111111
1 0.44029427083333333 0.4179259259259259 0.023994791666666633 0.12081481481481483
1 0.46341666666666664 0.415 0.02514583333333332 0.13481481481481483
1 0.5020416666666666 0.46003240740740736 0.04622916666666666 0.1973425925925926