1 0.023177083333333334 0.5418055555555555 0.04635416666666667 0.39046296296296296
2 0.58409375 0.5201759259259259 0.05514583333333339 0.18205555555555555
1 0.6145260416666666 0.4558425925925926 0.04594791666666668 0.16890740740740737
1 0.6139661458333333 0.43756944444444446 0.03175520833333335 0.18671296296296294
0 0.729734375 0.5349999999999999 0.15594791666666658 0.21703703703703703
0 0.7249817708333334 0.4819259259259259 0.06063020833333337 0.1668333333333334
1 0.1878203125 0.5374583333333334 0.06592187499999999 0.13637962962962966
1 0.23349479166666667 0.5282824074074074 0.05301041666666665 0.127324074074074
1 0.3794010416666667 0.47820370370370374 0.050572916666666676 0.20637037037037037
2 0.39439583333333333 0.5146018518518518 0.04974999999999999 0.1467222222222222
1 0.43373958333333335 0.44257407407407406 0.040958333333333326 0.1481851851851852
1 0.45752343749999996 0.40315277777777775 0.014015624999999983 0.07073148148148152
1 0.46837760416666663 0.40516666666666673 0.011057291666666675 0.05644444444444442
1 0.4904791666666667 0.5053148148148148 0.05487500000000001 0.16696296296296295
1 0.5471223958333333 0.45249537037037035 0.07117187499999998 0.27075