1 0.5877447916666667 0.4912407407407407 0.013052083333333304 0.05807407407407405
1 0.0841640625 0.5530092592592593 0.038859375 0.23120370370370374
1 0.83228125 0.5003148148148148 0.006166666666666742 0.04437037037037033
1 0.8361875 0.4975787037037037 0.006166666666666742 0.044361111111111184
1 0.8560442708333333 0.4975648148148148 0.006171874999999953 0.038018518518518465
1 0.13100520833333335 0.563962962962963 0.047364583333333335 0.2055925925925926
1 0.14917968750000002 0.48297222222222225 0.018098958333333335 0.0749814814814815
1 0.2842578125 0.5364583333333334 0.033567708333333356 0.18060185185185182
1 0.3158541666666667 0.535125 0.03100000000000005 0.1858611111111111
1 0.40830208333333334 0.5493148148148148 0.0406875 0.19303703703703706
1 0.39663281250000004 0.4880972222222222 0.011807291666666645 0.055101851851851846
1 0.45529166666666665 0.4946898148148148 0.010416666666666666 0.05821296296296302
1 0.46738541666666666 0.49414351851851845 0.010020833333333338 0.05652777777777784
1 0.5000234375 0.5270972222222222 0.03391145833333334 0.17154629629629628