1 0.051171875 0.5432777777777777 0.10234375 0.43029629629629634
1 0.10694270833333333 0.5519907407407407 0.05430208333333333 0.19305555555555556
1 0.14420312500000002 0.4981018518518519 0.03805208333333332 0.16435185185185192
1 0.17670572916666666 0.4867592592592593 0.031484374999999995 0.1764814814814815
1 0.21280208333333336 0.5660740740740741 0.08324999999999999 0.23470370370370372
1 0.26557291666666666 0.487361111111111 0.029062499999999977 0.14620370370370367
1 0.28932291666666665 0.47444444444444445 0.0203125 0.0933333333333333
1 0.317078125 0.48148148148148145 0.01917708333333336 0.11333333333333337
1 0.3438619791666666 0.5207361111111111 0.03727604166666669 0.17297222222222217
1 0.3841119791666667 0.4928657407407407 0.01615104166666666 0.0779722222222222
1 0.41213802083333334 0.5805787037037037 0.06218229166666666 0.16921296296296295
3 0.41431250000000003 0.6296296296296297 0.06176041666666663 0.11511111111111105
3 0.5018489583333333 0.6314027777777778 0.060020833333333336 0.10271296296296292
1 0.4971015625 0.572287037037037 0.048817708333333286 0.1580185185185185
1 0.5170625 0.5091898148148147 0.01931249999999996 0.09680555555555562