1 0.01653125 0.5199398148148148 0.0330625 0.0798796296296296
1 0.5338541666666666 0.5091759259259259 0.02010416666666662 0.14812962962962958
1 0.5418463541666667 0.5001805555555555 0.020473958333333306 0.09852777777777774
2 0.5582369791666667 0.5425416666666666 0.036734374999999986 0.08041666666666669
1 0.5532239583333334 0.4912037037037037 0.018343750000000013 0.08666666666666664
1 0.5654453125 0.5368796296296295 0.01897395833333325 0.055592592592592666
1 0.5683776041666666 0.5039814814814815 0.019182291666666747 0.0981481481481481
1 0.5849010416666667 0.5244074074074074 0.025406250000000106 0.11062962962962965
1 0.6128567708333333 0.5110138888888889 0.03803645833333332 0.13482407407407415
1 0.6538958333333333 0.5052962962962964 0.027312500000000028 0.1025555555555556
1 0.8263932291666667 0.5187916666666668 0.026692708333333332 0.1209351851851852
1 0.8797786458333333 0.5418564814814815 0.03679687500000005 0.19073148148148153
1 0.12189843750000001 0.5051574074074074 0.03932812500000001 0.11412962962962968
1 0.18860416666666666 0.520462962962963 0.024562499999999984 0.06870370370370374
1 0.20726302083333334 0.5079166666666666 0.02005729166666666 0.07694444444444447
1 0.23715625 0.5288240740740741 0.02475000000000002 0.12401851851851851
1 0.051083333333333335 0.5559027777777777 0.055749999999999994 0.14634259259259255
1 0.2851875 0.5321666666666667 0.02410416666666671 0.11455555555555558
1 0.29634635416666666 0.5119490740740741 0.03970312500000001 0.14702777777777776
1 0.32698177083333335 0.48675000000000007 0.013661458333333284 0.055888888888888905
1 0.40311979166666667 0.4828379629629629 0.010947916666666658 0.07284259259259256
1 0.4148671875 0.49337962962962967 0.016098958333333316 0.08583333333333337
1 0.4245 0.49445833333333333 0.01714583333333331 0.0842314814814815
1 0.44438281249999995 0.48013425925925923 0.01779687499999998 0.08584259259259257
1 0.45464322916666666 0.501412037037037 0.023734375000000026 0.1106944444444444
1 0.48483854166666673 0.5127499999999999 0.022718750000000003 0.12079629629629628
1 0.5044244791666667 0.5005833333333334 0.014723958333333323 0.09742592592592596
1 0.5148229166666667 0.5171111111111111 0.03129166666666669 0.138