1 0.8179817708333333 0.3925925925925926 0.009505208333333333 0.03333333333333333
1 0.8459427083333334 0.3952824074074074 0.007281250000000009 0.033138888888888905
1 0.8562760416666666 0.39470370370370367 0.008072916666666667 0.03985185185185187
1 0.8733020833333334 0.3930694444444444 0.009854166666666704 0.04052777777777776
1 0.8873958333333333 0.3950324074074074 0.006562499999999953 0.03919444444444443
3 0.26465104166666664 0.6949490740740741 0.11528124999999999 0.22565740740740733
1 0.305328125 0.5816111111111111 0.18517708333333335 0.31437037037037036
1 0.34821874999999997 0.4067361111111111 0.020124999999999994 0.11634259259259262
1 0.3644166666666667 0.4338888888888889 0.03897916666666668 0.15870370370370368
1 0.396484375 0.5508981481481482 0.09296875 0.28227777777777774
3 0.40291927083333334 0.6421111111111111 0.09718229166666668 0.2352222222222222
1 0.3773489583333333 0.4106296296296296 0.01895833333333338 0.1168888888888889
1 0.4019869791666667 0.42083333333333334 0.019359374999999977 0.1175925925925926
1 0.41677083333333337 0.41797222222222224 0.01895833333333332 0.10590740740740741
1 0.4365052083333333 0.4201435185185185 0.022197916666666668 0.10952777777777774
1 0.5380520833333333 0.47898611111111106 0.06660416666666666 0.2955462962962963