1 0.5887083333333334 0.19918055555555553 0.05352083333333333 0.31404629629629627
1 0.6385807291666666 0.20335185185185187 0.057421875 0.3036666666666667
1 0.6793489583333333 0.19324074074074074 0.05973958333333336 0.3272222222222222
1 0.7364583333333333 0.1884259259259259 0.07291666666666667 0.3527777777777778
1 0.800234375 0.18084259259259258 0.04317708333333338 0.24535185185185188
1 0.8749479166666667 0.21425925925925926 0.10343750000000007 0.4285185185185185
1 0.9298489583333333 0.19480555555555554 0.08405208333333339 0.3500185185185185
1 0.9692916666666667 0.1954675925925926 0.0614166666666667 0.2453611111111111
1 0.16020052083333336 0.17633796296296295 0.025223958333333338 0.10732407407407407
1 0.2814947916666667 0.17883796296296295 0.038052083333333334 0.17362037037037037
1 0.3562291666666667 0.1955648148148148 0.045458333333333316 0.21905555555555553
1 0.4585442708333333 0.19015277777777778 0.05624479166666667 0.21839814814814815
1 0.48457812499999997 0.17678703703703705 0.035947916666666656 0.18698148148148147
1 0.5343203125 0.20749074074074075 0.06531770833333325 0.2977962962962963