1 0.5346562499999999 0.13932870370370373 0.01547916666666674 0.09226851851851853
1 0.5346562499999999 0.13932870370370373 0.01547916666666674 0.09226851851851853
1 0.5473411458333334 0.13825925925925925 0.01615104166666666 0.08829629629629629
1 0.5595364583333333 0.1275277777777778 0.0113645833333333 0.07524074074074076
1 0.573703125 0.14579166666666665 0.014781250000000056 0.10767592592592592
1 0.6065963541666667 0.14851851851851852 0.02017187500000001 0.11024074074074074
1 0.6180182291666667 0.13896296296296295 0.021046874999999923 0.11503703703703703
1 0.9414895833333332 0.10243981481481482 0.024312500000000032 0.1123425925925926
1 0.9824609375000001 0.09555092592592591 0.02361979166666662 0.10834259259259259
1 0.26746093750000005 0.15749074074074074 0.01789062500000001 0.0900185185185185
1 0.294375 0.15416666666666667 0.027500000000000035 0.10092592592592593
1 0.4029453125 0.1428935185185185 0.014317708333333339 0.0851388888888889
1 0.4129739583333334 0.15108796296296298 0.010093749999999997 0.08282407407407408
1 0.4505208333333333 0.24768518518518517 0.07395833333333333 0.33240740740740743
1 0.47995052083333334 0.1437037037037037 0.024057291666666696 0.08240740740740739