0 0.08125 0.6541574074074075 0.1625 0.3190925925925926
1 0.5447005208333333 0.35750000000000004 0.026536458333333297 0.13907407407407407
0 0.570171875 0.3486527777777778 0.029343750000000075 0.05565740740740742
0 0.6332421875 0.45586111111111116 0.12361979166666662 0.15587037037037035
1 0.5849609375 0.3460185185185185 0.01778645833333338 0.07999999999999997
1 0.60078125 0.35055555555555556 0.029895833333333382 0.0835185185185185
1 0.6393229166666666 0.5314305555555555 0.0546875 0.2158425925925926
1 0.6412994791666667 0.3583796296296296 0.029890625000000053 0.0835185185185185
1 0.6770833333333334 0.3608101851851852 0.0296875 0.0922685185185185
1 0.7071145833333333 0.3835046296296296 0.06275000000000001 0.1629907407407407
1 0.7305078125000001 0.3950462962962963 0.048046875 0.17712962962962958
0 0.24448437499999998 0.4831435185185186 0.13603125 0.15519444444444447
0 0.2975651041666667 0.4452361111111111 0.10872395833333336 0.13878703703703696
1 0.37850260416666665 0.40915277777777775 0.03966145833333332 0.2157685185185185
0 0.14755208333333333 0.589412037037037 0.2863541666666667 0.30154629629629626
1 0.45297395833333337 0.42123611111111114 0.06490625 0.3095092592592593
1 0.4750286458333334 0.3318796296296296 0.015046874999999993 0.07401851851851851
1 0.48798177083333333 0.33551851851851855 0.010286458333333333 0.06192592592592592
1 0.5150598958333333 0.3318703703703703 0.011161458333333308 0.0731111111111111