1 0.5781510416666666 0.284337962962963 0.016718749999999952 0.06669444444444447
1 0.5919453124999999 0.2489259259259259 0.013505208333333367 0.06677777777777776
1 0.5958697916666666 0.2506481481481481 0.014583333333333334 0.058333333333333334
1 0.6149635416666667 0.2943518518518518 0.032468750000000074 0.15722222222222224
1 0.6428776041666667 0.2922638888888889 0.02976562500000005 0.1569537037037037
1 0.6737083333333334 0.31039351851851854 0.0392916666666667 0.1177314814814815
1 0.7009244791666667 0.2951759259259259 0.03731770833333326 0.18446296296296294
1 0.7092916666666668 0.3233287037037037 0.04379166666666675 0.11778703703703707
1 0.7341145833333333 0.29212962962962963 0.025520833333333333 0.09907407407407408
1 0.7789791666666666 0.2512962962962963 0.026520833333333254 0.09333333333333334
1 0.7946276041666667 0.2798657407407407 0.02074479166666663 0.07063888888888885
1 0.8826302083333334 0.2543055555555555 0.02255208333333331 0.09194444444444445
2 0.29888020833333334 0.7043842592592592 0.17454166666666665 0.4987685185185185
1 0.3501484375 0.2508518518518519 0.014286458333333307 0.07422222222222222
1 0.38717447916666664 0.25013425925925925 0.013307291666666643 0.061953703703703726
1 0.4062135416666667 0.26384722222222223 0.015385416666666707 0.08563888888888888
1 0.49914062499999995 0.26306944444444447 0.01932291666666668 0.08089814814814815
2 0.5170625 0.27621296296296294 0.02265625 0.0544259259259259