1 0.6448437499999999 0.4097175925925926 0.03978124999999994 0.15069444444444444
1 0.6724687500000001 0.46075462962962965 0.08985416666666665 0.33478703703703705
1 0.08857291666666667 0.40605555555555556 0.016666666666666666 0.09537037037037037
1 0.19459635416666668 0.5490833333333334 0.21341145833333333 0.9018333333333334
1 0.2755078125 0.49102777777777773 0.083359375 0.45238888888888895
1 0.33960416666666665 0.43759722222222225 0.034375 0.18554629629629624
2 0.4033567708333334 0.5935277777777778 0.128390625 0.35664814814814816
1 0.38852083333333337 0.5895092592592593 0.0815 0.25912962962962965
1 0.41273697916666663 0.5517685185185186 0.0665052083333333 0.2301666666666667
1 0.42995572916666663 0.4689814814814815 0.08779687499999997 0.41574074074074074
1 0.4785234375 0.3995 0.020036458333333347 0.12711111111111115
1 0.5629609375 0.5250046296296296 0.11720312500000005 0.6723981481481482