1 0.5624479166666667 0.39462962962962966 0.025729166666666595 0.11370370370370371
1 0.6542708333333332 0.40803240740740737 0.01864583333333331 0.11430555555555555
1 0.70809375 0.5342592592592592 0.102875 0.42666666666666664
1 0.7272161458333334 0.37486111111111114 0.01129687499999991 0.050092592592592564
1 0.7498124999999999 0.40945833333333337 0.028291666666666635 0.14219444444444443
1 0.7721874999999999 0.38 0.012083333333333357 0.05074074074074075
1 0.9205156250000001 0.43748611111111113 0.07084375 0.13978703703703707
1 0.14153645833333334 0.3837962962962963 0.04453125 0.20833333333333334
1 0.28054427083333333 0.39349074074074075 0.03578645833333332 0.13968518518518513
1 0.3559765624999999 0.4086111111111111 0.05044270833333334 0.2648148148148148
1 0.40306770833333333 0.3897962962962963 0.021989583333333347 0.11596296296296298
1 0.501171875 0.40858796296296296 0.03703124999999995 0.1846759259259259
1 0.0728125 0.3750601851851852 0.04458333333333333 0.14728703703703708