1 0.5354166666666667 0.44580555555555557 0.021875 0.11574074074074074
1 0.5625208333333334 0.4828703703703704 0.046875 0.22685185185185186
1 0.6078046875 0.48056481481481483 0.032307291666666654 0.2388703703703704
1 0.6567734375000001 0.48470833333333335 0.042703125 0.2194722222222222
1 0.6994739583333334 0.45002777777777775 0.03333333333333333 0.17777777777777778
1 0.7299479166666667 0.5383796296296297 0.0734375 0.4008333333333333
1 0.8782552083333334 0.4161898148148148 0.031510416666666666 0.18817592592592594
1 0.46275 0.5342685185185185 0.10783333333333331 0.4592407407407408
1 0.123359375 0.6238194444444444 0.16276041666666666 0.752361111111111
1 0.4950078125 0.5078564814814815 0.04008854166666668 0.24354629629629626
1 0.5111979166666667 0.45918055555555554 0.028645833333333332 0.1499722222222222