1 0.5715416666666667 0.4684074074074074 0.04369791666666659 0.1834444444444445
1 0.5981770833333333 0.4462962962962963 0.0265625 0.13703703703703704
1 0.6302083333333334 0.4597222222222222 0.04583333333333333 0.2064814814814815
0 0.7957239583333333 0.8008888888888889 0.13615625000000003 0.39822222222222226
1 0.7981510416666667 0.7026666666666666 0.12786458333333334 0.547074074074074
1 0.19507812500000002 0.7359675925925926 0.15161458333333336 0.5280648148148147
1 0.23166666666666666 0.5172685185185185 0.11125000000000002 0.5808333333333333
1 0.4010416666666667 0.47685185185185186 0.052083333333333336 0.26296296296296295
1 0.43697916666666664 0.40925925925925927 0.021875 0.10555555555555556
1 0.5057291666666667 0.47129629629629627 0.03958333333333333 0.20185185185185187
1 0.5487604166666666 0.497 0.05989583333333327 0.26851851851851855