1 0.9353177083333333 0.2637777777777778 0.013510416666666695 0.07379629629629632
1 0.17567708333333334 0.35939351851851853 0.05677083333333333 0.28380555555555553
1 0.2441796875 0.3925138888888889 0.07622395833333334 0.360712962962963
1 0.051304687499999994 0.369875 0.059890625 0.3119166666666667
2 0.2669583333333333 0.4335416666666667 0.07431249999999998 0.22199074074074074
1 0.3190130208333333 0.3002824074074074 0.022598958333333384 0.11165740740740744
1 0.3357786458333333 0.30008333333333337 0.02323437500000001 0.11687037037037035
1 0.3503984375 0.28711111111111115 0.014317708333333339 0.07711111111111114
1 0.37171875000000004 0.28797685185185184 0.015104166666666667 0.07626851851851853
1 0.39372656250000004 0.2926064814814815 0.013276041666666672 0.06441666666666666
0 0.4429140625 0.3458333333333333 0.02354687500000002 0.09277777777777782