1 0.5371276041666666 0.42609722222222224 0.029703124999999986 0.17484259259259263
1 0.5921119791666667 0.42081944444444447 0.032963541666666644 0.19280555555555556
1 0.6062005208333333 0.4311759259259259 0.025828125000000077 0.16598148148148142
1 0.625953125 0.4171388888888889 0.023958333333333335 0.13907407407407407
1 0.6608854166666667 0.4438287037037037 0.058229166666666644 0.29993518518518514
1 0.6892447916666666 0.41937037037037034 0.027083333333333334 0.13981481481481475
1 0.73209375 0.41612037037037036 0.042270833333333376 0.1944259259259259
1 0.7712447916666666 0.4148888888888889 0.040625 0.17500000000000004
1 0.06198958333333334 0.5173981481481481 0.083625 0.33575925925925926
1 0.37565624999999997 0.4354675925925926 0.03514583333333334 0.21165740740740743
1 0.40229947916666664 0.4728240740740741 0.080921875 0.3630555555555556
1 0.47086197916666667 0.4255787037037037 0.02786979166666666 0.15736111111111115
1 0.48040625 0.42158333333333337 0.037312500000000054 0.16461111111111112
1 0.5115026041666667 0.4289027777777778 0.035744791666666664 0.17219444444444448