1 0.5380442708333334 0.3596527777777777 0.028598958333333317 0.14587962962962964
1 0.5686041666666667 0.35698611111111106 0.03872916666666673 0.1647314814814815
1 0.98125 0.42083333333333334 0.0375 0.22314814814814815
1 0.14449479166666668 0.33935648148148145 0.05944791666666666 0.2599907407407407
1 0.02745833333333333 0.2877222222222222 0.020395833333333332 0.10733333333333332
1 0.20508333333333334 0.3162175925925926 0.029104166666666664 0.12219444444444447
1 0.23613020833333334 0.3150833333333333 0.031489583333333356 0.13001851851851853
1 0.2743307291666667 0.36531018518518515 0.05050520833333335 0.26549074074074075
1 0.04440104166666667 0.28003703703703703 0.026197916666666668 0.12529629629629632
1 0.3616848958333333 0.3100509259259259 0.018973958333333308 0.09030555555555558
2 0.3892317708333334 0.4566111111111111 0.06299479166666663 0.19640740740740747
1 0.36918489583333336 0.3261759259259259 0.018088541666666676 0.06042592592592592
1 0.3994921875 0.3798287037037037 0.05091145833333333 0.28367592592592594
1 0.4839583333333334 0.38200000000000006 0.039791666666666656 0.2150740740740741
1 0.5167291666666667 0.3701574074074074 0.049874999999999996 0.23672222222222225