1 0.6101640624999999 0.6746805555555555 0.05498437499999997 0.29489814814814813
1 0.7954427083333333 0.712175925925926 0.08880208333333334 0.4406481481481481
0 0.9048958333333333 0.850925925925926 0.19020833333333337 0.29814814814814816
1 0.8789973958333335 0.6827361111111111 0.07755729166666671 0.4089351851851852
1 0.9215234374999999 0.7138657407407406 0.15549479166666663 0.5722685185185185
1 0.10930208333333334 0.5185694444444445 0.029854166666666678 0.08899074074074076
1 0.1159375 0.5155185185185185 0.03166666666666667 0.09877777777777778
1 0.17538541666666668 0.5255092592592592 0.02172916666666668 0.09027777777777778
1 0.030833333333333334 0.5190740740740741 0.027916666666666666 0.08074074074074078
1 0.257734375 0.5374305555555555 0.02119791666666669 0.09754629629629631
1 0.28119791666666666 0.534050925925926 0.025 0.08949074074074072
1 0.29845052083333334 0.5419583333333334 0.021223958333333334 0.10391666666666657
1 0.32005208333333335 0.5494675925925926 0.021354166666666667 0.09263888888888895
2 0.4591145833333333 0.8199074074074074 0.10052083333333334 0.2972222222222222
1 0.4879114583333333 0.6677916666666667 0.05678124999999999 0.3220092592592592