1 0.5341067708333334 0.5665555555555556 0.020796875000000034 0.09244444444444437
1 0.5972239583333334 0.561962962962963 0.014343749999999982 0.0714074074074074
1 0.625375 0.5578148148148149 0.021875 0.08351851851851845
1 0.6936927083333333 0.5750324074074075 0.02510416666666669 0.13069444444444442
1 0.7165052083333333 0.5800092592592593 0.025302083333333295 0.12485185185185188
2 0.1948515625 0.6821944444444444 0.058005208333333336 0.14938888888888893
1 0.1971953125 0.6379953703703705 0.049578125 0.20271296296296293
1 0.2275703125 0.6747546296296296 0.02375520833333334 0.11750925925925934
1 0.3807265625 0.6270555555555556 0.053078125000000045 0.124962962962963
1 0.3758854166666667 0.6260972222222222 0.024031249999999994 0.10647222222222212
1 0.5034453125 0.5534814814814815 0.01111979166666662 0.07905555555555555