0 0.6073203125 0.47584259259259254 0.08588020833333339 0.09368518518518519
1 0.6960156249999999 0.40938425925925925 0.017760416666666737 0.07789814814814815
0 0.7313020833333332 0.484537037037037 0.08760416666666669 0.08388888888888892
1 0.7070833333333333 0.40732870370370367 0.015833333333333262 0.08515740740740738
1 0.7517526041666667 0.4164907407407407 0.014619791666666751 0.0794259259259259
1 0.8097265625 0.40729629629629627 0.014973958333333334 0.08799999999999997
1 0.8585729166666667 0.4126481481481481 0.018583333333333365 0.08099999999999996
1 0.8865104166666666 0.4103703703703704 0.0234375 0.08296296296296299
1 0.3839166666666667 0.4451203703703704 0.03893749999999999 0.1536481481481482
1 0.41057812499999996 0.40331481481481485 0.020510416666666663 0.07503703703703705
2 0.5113645833333333 0.6509259259259259 0.13445833333333337 0.3205555555555556