1 0.6131041666666666 0.41010185185185183 0.032125000000000035 0.1277592592592592
1 0.7739817708333334 0.42738888888888893 0.03255729166666666 0.16392592592592595
1 0.8111848958333333 0.38996759259259256 0.020859374999999975 0.10617592592592594
1 0.12764322916666668 0.42185185185185187 0.04481770833333334 0.24000000000000005
1 0.20336197916666668 0.48862500000000003 0.061296875 0.3490462962962963
1 0.3108723958333333 0.6705833333333333 0.12502604166666664 0.5514259259259259
1 0.3386588541666667 0.46682407407407406 0.047265625 0.2530185185185185
1 0.40562499999999996 0.8020370370370371 0.09562500000000002 0.3392592592592593
1 0.41759375 0.44307870370370367 0.03408333333333336 0.18902777777777782
1 0.44416666666666665 0.44484259259259257 0.043229166666666666 0.1914259259259259
1 0.4676458333333333 0.5124768518518519 0.06189583333333329 0.29282407407407407