1 0.558203125 0.19199074074074074 0.020572916666666666 0.10435185185185183
1 0.70875 0.18458333333333332 0.058541666666666714 0.22657407407407407
1 0.22304166666666667 0.2213425925925926 0.040479166666666684 0.15379629629629632
1 0.34563020833333336 0.1987037037037037 0.024364583333333318 0.11814814814814811
1 0.366796875 0.20439814814814813 0.021875 0.10925925925925926
1 0.41744791666666664 0.21302777777777776 0.033854166666666664 0.17407407407407408
1 0.4482291666666667 0.20157407407407407 0.03812500000000003 0.19944444444444442
1 0.47408854166666664 0.18553703703703703 0.012135416666666643 0.06966666666666667
1 0.49143229166666663 0.19868055555555555 0.020364583333333346 0.09671296296296297
1 0.5001041666666667 0.1913287037037037 0.014375000000000011 0.07326851851851851
1 0.5286276041666667 0.20851851851851852 0.031807291666666695 0.14296296296296293