1 0.5293723958333333 0.20237037037037037 0.016776041666666686 0.09288888888888891
1 0.545546875 0.2112037037037037 0.021614583333333333 0.11370370370370371
1 0.5771276041666666 0.2042824074074074 0.02074479166666663 0.09800925925925928
1 0.5896666666666666 0.20375000000000001 0.01712499999999994 0.10009259259259261
1 0.6179375 0.2078564814814815 0.021416666666666608 0.13182407407407407
1 0.6336588541666667 0.2069675925925926 0.019140625 0.12365740740740742
1 0.6460026041666667 0.20972222222222223 0.027994791666666668 0.1361111111111111
1 0.6722994791666667 0.21028703703703705 0.019255208333333346 0.13516666666666668
1 0.73109375 0.23113425925925926 0.03260416666666662 0.22013888888888888
1 0.7846614583333333 0.25028703703703703 0.03692708333333338 0.22683333333333336
1 0.016536458333333334 0.16474537037037038 0.016197916666666666 0.07587962962962964
1 0.24246874999999998 0.19069444444444444 0.016312499999999997 0.05638888888888889
1 0.0339921875 0.16625 0.01711979166666667 0.07601851851851851
1 0.30755208333333334 0.19517129629629631 0.018229166666666668 0.09039814814814817
1 0.5002291666666667 0.22182870370370372 0.026520833333333313 0.15004629629629632