1 0.6173958333333334 0.48935185185185187 0.01083333333333331 0.07314814814814814
0 0.6709895833333335 0.6063425925925926 0.0702083333333333 0.13120370370370374
1 0.7026171875 0.49625 0.014348958333333309 0.0856481481481482
1 0.76796875 0.600925925925926 0.05677083333333333 0.2574074074074074
1 0.93828125 0.6162037037037037 0.06302083333333333 0.30277777777777776
1 0.09763020833333333 0.4611018518518519 0.012968750000000003 0.06909259259259254
1 0.96953125 0.5953703703703703 0.05677083333333333 0.30185185185185187
1 0.29859375 0.600925925925926 0.03468750000000001 0.21666666666666667
1 0.37552083333333336 0.5825462962962963 0.028125 0.18731481481481477
2 0.44549479166666667 0.6392592592592592 0.06911458333333335 0.16925925925925922
1 0.5049479166666667 0.5657407407407408 0.0515625 0.2074074074074074