1 0.840140625 0.4229027777777778 0.03232291666666664 0.14493518518518517
1 0.8623072916666668 0.3809259259259259 0.021010416666666625 0.06962962962962962
0 0.8620572916666667 0.3947685185185185 0.018385416666666644 0.061944444444444476
1 0.8826458333333334 0.4296111111111111 0.029916666666666696 0.14262962962962966
0 0.133953125 0.4008148148148148 0.046989583333333335 0.06003703703703707
0 0.3358880208333333 0.41305555555555556 0.05572395833333334 0.053888888888888875
1 0.33484375000000005 0.3965925925925926 0.025208333333333322 0.08588888888888888
2 0.364203125 0.41326851851851854 0.030760416666666637 0.06327777777777775
1 0.3868515625 0.3975416666666667 0.024734375000000006 0.09399074074074079
1 0.4516822916666667 0.39057870370370373 0.014031250000000028 0.0860648148148148
1 0.4654869791666666 0.36484259259259255 0.013088541666666665 0.05012962962962967
1 0.49620572916666666 0.39671759259259265 0.016130208333333347 0.10193518518518516
1 0.5061927083333334 0.4153009259259259 0.012302083333333335 0.06384259259259258