0 0.025 0.46518055555555554 0.05 0.13149074074074074
0 0.07841145833333334 0.4474953703703704 0.05255208333333334 0.10537962962962968
1 0.5614947916666666 0.4607361111111111 0.06409374999999998 0.3183425925925926
1 0.6040286458333334 0.3645972222222222 0.015067708333333367 0.07450925925925929
1 0.6817708333333333 0.501712962962963 0.08718750000000004 0.3849074074074075
1 0.7405104166666666 0.4177546296296296 0.06918750000000008 0.3483796296296296
1 0.7745078124999999 0.3890138888888889 0.026505208333333384 0.13474999999999998
0 0.12200520833333334 0.43498611111111113 0.07838541666666667 0.095212962962963
1 0.262171875 0.38919444444444445 0.020864583333333336 0.11124074074074072
1 0.32246874999999997 0.37587037037037035 0.011104166666666634 0.061037037037037
1 0.3430598958333333 0.3724675925925926 0.010963541666666703 0.06376851851851852
1 0.35714843749999997 0.37624537037037037 0.011119791666666679 0.06436111111111116
1 0.37384114583333333 0.416125 0.02190104166666664 0.13108333333333338
1 0.39551041666666664 0.38131481481481483 0.01668749999999998 0.07699999999999997
1 0.409296875 0.4024583333333333 0.020677083333333356 0.11304629629629627
2 0.5179635416666667 0.5613981481481481 0.09855208333333329 0.2336851851851852