1 0.5868749999999999 0.5522685185185185 0.08208333333333329 0.554537037037037
1 0.657734375 0.34652777777777777 0.03557291666666664 0.12083333333333333
1 0.8214010416666667 0.6596527777777778 0.23688541666666663 0.45606481481481487
1 0.7254322916666667 0.3408796296296296 0.043229166666666666 0.1391666666666667
3 0.8489843750000001 0.7244351851851852 0.2756770833333333 0.5163148148148149
1 0.7326145833333333 0.3415277777777778 0.022104166666666578 0.12429629629629631
1 0.8020729166666667 0.5452777777777778 0.14043749999999994 0.3516666666666666
1 0.7921875 0.31773148148148145 0.014583333333333334 0.07250000000000001
1 0.83828125 0.3476851851851852 0.034895833333333334 0.1712962962962963
1 0.896359375 0.5478796296296297 0.0882083333333334 0.5516481481481481
1 0.953125 0.6099444444444444 0.08645833333333333 0.6485185185185186
3 0.2970703125 0.8101574074074074 0.2745052083333333 0.3796851851851851
1 0.2786458333333333 0.6894907407407408 0.17083333333333334 0.4802777777777778
1 0.23855989583333334 0.591912037037037 0.07984895833333336 0.34971296296296295
1 0.26927083333333335 0.5499537037037038 0.08541666666666667 0.4925
1 0.40208333333333335 0.5485648148148149 0.08333333333333333 0.43416666666666665
3 0.4353489583333333 0.6721990740740741 0.1453125 0.23802777777777773
1 0.4227421875 0.6091157407407408 0.11845312499999998 0.3741574074074074
1 0.43359375 0.5777777777777777 0.11302083333333333 0.45740740740740743
3 0.5149869791666667 0.713375 0.1929114583333333 0.35423148148148154
1 0.5080729166666667 0.6226851851851852 0.14322916666666666 0.42685185185185187