1 0.58309375 0.29114814814814816 0.007041666666666657 0.03918518518518523
1 0.5992734375000001 0.29506481481481484 0.014682291666666696 0.07672222222222223
1 0.6106250000000001 0.30037037037037034 0.01083333333333331 0.06648148148148149
1 0.6341223958333333 0.2937546296296296 0.008244791666666747 0.04526851851851851
1 0.6448098958333333 0.2932824074074074 0.009963541666666605 0.04787962962962966
1 0.6752838541666667 0.29709722222222223 0.015890624999999995 0.07043518518518518
1 0.6809192708333334 0.32412962962962966 0.014755208333333296 0.04655555555555553
1 0.7105677083333333 0.3022731481481482 0.019052083333333296 0.08582407407407407
1 0.9124479166666667 0.3310324074074074 0.05343750000000007 0.15978703703703703
1 0.9270572916666667 0.33586574074074077 0.04421875000000005 0.1484537037037037
1 0.9488984375 0.3513935185185185 0.039286458333333246 0.11999074074074077
1 0.9608072916666667 0.361412037037037 0.038072916666666616 0.09180555555555553