1 0.025643229166666667 0.7381666666666666 0.05128645833333333 0.44903703703703707
0 0.04749479166666667 0.7812731481481481 0.09498958333333334 0.240787037037037
1 0.7283697916666667 0.6148842592592593 0.03128124999999997 0.16986111111111105
1 0.7651354166666666 0.5993472222222223 0.026395833333333365 0.11378703703703702
1 0.8192682291666666 0.6489398148148149 0.04438020833333323 0.2584166666666667
0 0.9539322916666666 0.7412592592592592 0.08078124999999996 0.18766666666666662
1 0.9585781250000001 0.6850648148148148 0.06534375000000002 0.3076481481481481
0 0.224171875 0.6907685185185185 0.1765520833333333 0.2360555555555556
1 0.17640625 0.5420555555555556 0.019791666666666666 0.11237037037037038
1 0.19378645833333336 0.5482407407407408 0.02503125 0.11185185185185181
1 0.21918229166666667 0.5514583333333334 0.021739583333333336 0.10726851851851854
1 0.29973958333333334 0.5685972222222223 0.0203125 0.11280555555555559
1 0.3260104166666667 0.5862361111111111 0.027250000000000028 0.16030555555555556
1 0.34307291666666667 0.5665879629629629 0.022604166666666654 0.12237962962962959
1 0.3603125 0.5714861111111111 0.021666666666666678 0.11110185185185185
1 0.3802083333333333 0.5631481481481482 0.016666666666666666 0.08185185185185183
1 0.49186979166666667 0.592837962962963 0.022822916666666634 0.18673148148148155
3 0.5367005208333333 0.628787037037037 0.05482812499999993 0.13687037037037042
1 0.5343072916666666 0.6114351851851852 0.03315625000000004 0.12472222222222226