1 0.5353333333333333 0.5893379629629629 0.016145833333333273 0.09225
1 0.5520677083333332 0.5900833333333333 0.013927083333333338 0.09131481481481482
1 0.5760598958333333 0.5924814814814815 0.013505208333333367 0.08855555555555565
1 0.6001041666666667 0.5838055555555556 0.016666666666666666 0.09794444444444442
1 0.6215625 0.6075 0.024374999999999977 0.11314814814814819
1 0.6491848958333333 0.6077314814814815 0.020963541666666665 0.1162222222222222
1 0.6745130208333333 0.6313101851851852 0.035036458333333326 0.18775000000000008
1 0.7023802083333334 0.6362314814814815 0.03138541666666666 0.17512962962962972
2 0.9026562499999999 0.7547037037037037 0.08447916666666669 0.2278148148148149
1 0.93659375 0.7185185185185186 0.07847916666666659 0.3314814814814815
1 0.9817812499999999 0.6518703703703703 0.03643750000000002 0.22403703703703706
0 0.160640625 0.7469907407407408 0.06340625000000001 0.17175925925925925
1 0.42069270833333333 0.5931574074074074 0.02137499999999998 0.05424074074074067
1 0.4534375 0.5871388888888889 0.01604166666666664 0.08201851851851845
1 0.4680677083333334 0.5873935185185185 0.015322916666666646 0.07743518518518518
1 0.4852708333333334 0.5760324074074075 0.010031249999999995 0.05441666666666665
1 0.4965260416666667 0.5748518518518517 0.011458333333333333 0.05400000000000005
1 0.5176197916666667 0.5875 0.0140625 0.07685185185185185