1 0.05171875 0.38680555555555557 0.1034375 0.32046296296296295
1 0.5600703125000001 0.30095370370370367 0.021317708333333366 0.12661111111111106
0 0.7185963541666667 0.7037777777777777 0.19520312499999998 0.5924444444444443
1 0.8578125 0.24861111111111112 0.013541666666666667 0.058333333333333334
1 0.273359375 0.32110185185185186 0.041718749999999985 0.20964814814814814
1 0.3314244791666667 0.2976712962962963 0.022255208333333342 0.12724999999999997
2 0.38203125 0.3553935185185185 0.03715624999999996 0.11308333333333333
1 0.383984375 0.31445370370370374 0.03338541666666662 0.14646296296296296
1 0.41703125 0.33911111111111114 0.03406249999999999 0.18474074074074073
1 0.43356510416666666 0.3269907407407407 0.03391145833333334 0.1563888888888889
1 0.44133072916666666 0.28037962962962965 0.023171875000000005 0.11072222222222224
1 0.5129921875 0.30000925925925925 0.01818229166666665 0.12331481481481482