1 0.5451041666666666 0.31675 0.012291666666666737 0.08796296296296297
1 0.5716145833333334 0.33623148148148146 0.021354166666666667 0.11574074074074074
1 0.59375 0.33035185185185184 0.027083333333333334 0.12222222222222222
1 0.635984375 0.42859722222222224 0.06844791666666658 0.3187314814814815
1 0.717578125 0.45902777777777776 0.09401041666666667 0.449537037037037
2 0.7714817708333332 0.6003055555555556 0.12922395833333328 0.366425925925926
1 0.7698802083333334 0.6150324074074074 0.08189583333333333 0.19715740740740748
1 0.4394947916666666 0.3336296296296296 0.013510416666666636 0.08070370370370368
1 0.457578125 0.32743518518518516 0.014427083333333297 0.09012962962962966
1 0.4849114583333333 0.35745370370370366 0.027260416666666683 0.14657407407407408
1 0.498015625 0.3394444444444445 0.017822916666666622 0.10074074074074076
1 0.5122135416666667 0.32458333333333333 0.01015625 0.09175925925925928
1 0.5327057291666667 0.34301851851851856 0.026255208333333318 0.1247037037037037