0 0.18130208333333334 0.6085648148148148 0.36260416666666667 0.46768518518518515
1 0.5480208333333333 0.3190740740740741 0.024374999999999977 0.1364814814814815
1 0.766953125 0.4228240740740741 0.07557291666666661 0.30675925925925923
1 0.14635416666666667 0.5202777777777778 0.14270833333333333 0.727962962962963
1 0.101046875 0.3014351851851852 0.03384374999999999 0.16472222222222221
0 0.9327734375 0.4191759259259259 0.13445312500000003 0.19646296296296292
1 0.20211458333333335 0.3035092592592592 0.038687499999999986 0.18409259259259259
1 0.23145052083333334 0.2964583333333333 0.029807291666666676 0.1648611111111111
1 0.254625 0.3234722222222222 0.0515625 0.2138888888888889
1 0.32689843749999997 0.31463425925925925 0.03870312499999997 0.14480555555555555
1 0.3376328125 0.28937037037037033 0.01952604166666667 0.11181481481481481
1 0.3820104166666667 0.3219398148148148 0.030729166666666665 0.1503796296296296
1 0.534375 0.3775 0.04791666666666667 0.24759259259259256