1 0.5498333333333333 0.38935185185185184 0.014916666666666719 0.05740740740740741
1 0.6273984375 0.6322916666666667 0.13239062500000004 0.7354166666666667
1 0.7274114583333334 0.6002453703703704 0.14101041666666667 0.7995092592592593
1 0.8184192708333333 0.5057962962962963 0.06472395833333332 0.3382222222222222
1 0.8939687500000001 0.50275 0.049562500000000044 0.31375925925925924
1 0.16113020833333333 0.37759722222222225 0.007968749999999976 0.049324074074074055
1 0.41186718750000006 0.47574999999999995 0.036369791666666686 0.2536851851851851
2 0.4528932291666667 0.5241388888888889 0.06556770833333332 0.14912962962962964
1 0.46333854166666666 0.5430601851851852 0.04530208333333334 0.10017592592592597
1 0.4584270833333334 0.45343518518518516 0.028041666666666683 0.07998148148148147
1 0.4657526041666667 0.398162037037037 0.01984895833333328 0.06497222222222224