1 0.20257812500000003 0.3761944444444444 0.03317708333333333 0.09575925925925928
1 0.23978385416666667 0.37481481481481477 0.022515625000000008 0.085
1 0.2710625 0.38481944444444444 0.028499999999999984 0.1055462962962963
1 0.2999791666666667 0.3784074074074074 0.03462500000000001 0.1287407407407407
1 0.3114895833333333 0.37227777777777776 0.03004166666666664 0.11822222222222217
1 0.3415520833333333 0.3658842592592592 0.022916666666666665 0.12693518518518515
1 0.37046874999999996 0.3676388888888889 0.024270833333333346 0.12601851851851853
1 0.38722395833333334 0.3745972222222222 0.027739583333333328 0.11321296296296295
1 0.40926562499999997 0.37463425925925925 0.029697916666666657 0.11480555555555556
1 0.4470989583333333 0.41415740740740736 0.02226041666666667 0.094462962962963
1 0.483796875 0.38279629629629625 0.036052083333333346 0.15829629629629627
1 0.4906953125 0.4197777777777778 0.026005208333333366 0.04488888888888891