1 0.5373984375 0.3955925925925926 0.012598958333333361 0.06196296296296298
1 0.5501510416666666 0.4003009259259259 0.013447916666666634 0.054768518518518494
1 0.78003125 0.4183888888888889 0.021499999999999984 0.09970370370370371
1 0.7868567708333333 0.41547222222222224 0.01743229166666668 0.09072222222222219
1 0.8010416666666667 0.41855555555555557 0.020416666666666573 0.09825925925925927
1 0.8625520833333333 0.4125231481481481 0.027187500000000024 0.0999537037037037
1 0.8994479166666667 0.4217824074074074 0.01975000000000004 0.0771759259259259
1 0.2446015625 0.429962962962963 0.04360937500000001 0.2584074074074074
1 0.2684140625 0.42457870370370365 0.03838020833333336 0.24436111111111114
3 0.41394791666666664 0.7235509259259258 0.14908333333333335 0.34419444444444436
1 0.41199479166666664 0.6202314814814816 0.12455208333333333 0.3793518518518519
1 0.3666927083333333 0.40955555555555556 0.02703124999999999 0.08348148148148145
1 0.5251041666666666 0.7140138888888888 0.15614583333333332 0.4586388888888888
3 0.5265755208333334 0.8556388888888888 0.15820312500000006 0.28872222222222227