1 0.5574036458333335 0.46960648148148143 0.01935937499999992 0.1344907407407407
1 0.6736875 0.4665092592592593 0.032895833333333256 0.09568518518518516
1 0.6994947916666666 0.48415740740740737 0.04996875000000003 0.16983333333333334
1 0.7000651041666667 0.42218981481481477 0.018744791666666552 0.10336111111111111
1 0.7158151041666667 0.43955092592592593 0.010453125000000086 0.05108333333333335
1 0.7983072916666667 0.6184259259259259 0.0828125 0.16277777777777774
2 0.8271406250000001 0.6431481481481481 0.13157291666666673 0.24444444444444444
1 0.7783619791666666 0.4242037037037037 0.01172395833333333 0.07214814814814817
1 0.015182291666666665 0.4258981481481482 0.014739583333333332 0.08875925925925922
1 0.8041406249999999 0.4389537037037037 0.015781249999999976 0.06375925925925927
1 0.8213098958333334 0.4415046296296296 0.014255208333333276 0.05662037037037035
1 0.8847578125000001 0.5747916666666667 0.0859739583333333 0.355787037037037
1 0.9323984375 0.5317083333333333 0.07020312499999998 0.3001018518518518
2 0.9497526041666667 0.6815972222222222 0.1004947916666667 0.2538425925925927
1 0.9584973958333334 0.5066481481481482 0.04857812499999999 0.23733333333333337
1 0.17481770833333332 0.42047222222222225 0.02088541666666665 0.0835
1 0.18549999999999997 0.4252824074074074 0.012229166666666647 0.07128703703703705
1 0.30369531250000004 0.3933425925925926 0.010421874999999995 0.055166666666666704
1 0.4188020833333333 0.45649537037037036 0.02312499999999999 0.10034259259259265
1 0.43383333333333335 0.4534814814814815 0.014625000000000022 0.10099999999999994
1 0.4434609375 0.446962962962963 0.018390625000000032 0.10125925925925922
1 0.5067838541666666 0.45484259259259263 0.023463541666666643 0.11346296296296299
1 0.05900260416666667 0.42087962962962966 0.015015625 0.07509259259259261
1 0.533484375 0.49016666666666664 0.03905208333333334 0.19670370370370371