1 0.5665104166666667 0.5480462962962963 0.022604166666666713 0.1279814814814815
1 0.9055416666666667 0.5641296296296296 0.02735416666666666 0.11118518518518512
1 0.9249322916666666 0.5647129629629629 0.02482291666666671 0.11705555555555562
1 0.982203125 0.5649537037037038 0.02236458333333336 0.1102777777777778
1 0.15421875000000002 0.5541759259259259 0.025520833333333333 0.1249814814814815
1 0.17969791666666665 0.5591944444444445 0.019770833333333324 0.10864814814814817
1 0.3024114583333333 0.5531296296296296 0.027677083333333387 0.12392592592592586
1 0.3373125 0.5588425925925925 0.04297916666666666 0.11564814814814812
1 0.34841406249999995 0.549486111111111 0.017140624999999982 0.12306481481481478
2 0.3770416666666667 0.5787870370370369 0.04862500000000001 0.08649999999999997
1 0.41604166666666664 0.5493796296296296 0.027083333333333334 0.12605555555555553
1 0.4272109375 0.5491898148148148 0.02453645833333328 0.12421296296296305
1 0.45066666666666666 0.5271851851851852 0.023666666666666693 0.11914814814814821