1 0.5690208333333333 0.6791666666666667 0.065625 0.30648148148148147
1 0.6101328125 0.6857407407407408 0.0693177083333333 0.32759259259259255
1 0.7739114583333334 0.6903333333333332 0.05572916666666667 0.26296296296296295
1 0.8064947916666667 0.7036805555555554 0.07971874999999998 0.44245370370370374
1 0.8474947916666667 0.7466944444444445 0.13313541666666662 0.5066111111111111
1 0.9455000000000001 0.6921111111111111 0.060874999999999936 0.2800370370370371
1 0.9670390625 0.7645370370370371 0.06592187499999996 0.47092592592592597
1 0.3377239583333333 0.739986111111111 0.11822916666666666 0.5200277777777778
1 0.434375 0.5907638888888889 0.035416666666666666 0.1710648148148148
1 0.4595572916666667 0.5947870370370371 0.028802083333333308 0.16598148148148148
1 0.514453125 0.664712962962963 0.046614583333333334 0.2544629629629629