1 0.10260416666666666 0.7761064814814814 0.20520833333333333 0.44778703703703704
1 0.5723385416666668 0.803037037037037 0.06615624999999999 0.3774444444444443
1 0.5947916666666667 0.6360555555555556 0.021770833333333427 0.09622222222222218
1 0.6145833333333334 0.6356064814814815 0.013437500000000095 0.04434259259259258
1 0.205859375 0.7489814814814815 0.07630208333333334 0.3424074074074074
1 0.220609375 0.7305324074074073 0.05482291666666666 0.30060185185185184
2 0.24419270833333334 0.7747962962962963 0.08786458333333336 0.19170370370370368
1 0.24682291666666664 0.7450324074074074 0.040312500000000015 0.11493518518518518
1 0.29770833333333335 0.7418796296296296 0.05531250000000002 0.3329074074074074
1 0.33787500000000004 0.6948333333333333 0.07102083333333334 0.28125925925925926
1 0.35537499999999994 0.6900740740740741 0.03279166666666663 0.2367037037037037
1 0.3885104166666667 0.6612268518518518 0.020687499999999956 0.14865740740740738