1 0.5586927083333334 0.48597222222222225 0.03198958333333337 0.1449074074074074
1 0.5792994791666667 0.4875740740740741 0.021296875000000052 0.14633333333333334
1 0.5950572916666667 0.4828425925925926 0.02915625000000001 0.11412962962962968
1 0.6386458333333334 0.50625 0.02520833333333338 0.10324074074074074
1 0.6648020833333333 0.49844444444444447 0.023520833333333376 0.1458888888888889
1 0.7079609374999999 0.5868333333333333 0.06293229166666675 0.10225925925925931
1 0.6972239583333334 0.5022407407407407 0.025343750000000043 0.1723703703703704
1 0.7333489583333334 0.5523101851851852 0.0485104166666666 0.1694537037037037
1 0.08605468749999999 0.4295324074074074 0.019765624999999995 0.07186111111111113
1 0.1126015625 0.544263888888889 0.07146354166666667 0.1966574074074074
1 0.7953255208333334 0.524699074074074 0.05049479166666669 0.2094907407407407
3 0.8406510416666666 0.5956481481481481 0.12442708333333338 0.22555555555555556
1 0.8288515625 0.5514722222222223 0.09771354166666674 0.18353703703703705
1 0.9267291666666666 0.5730925925925926 0.06612500000000002 0.17266666666666658
1 0.9450442708333333 0.48503240740740744 0.014453125 0.08617592592592592
1 0.11115625 0.4383240740740741 0.017479166666666667 0.07075925925925927
1 0.16835677083333334 0.46439814814814817 0.04214062499999998 0.18064814814814817
1 0.26211979166666666 0.489587962962963 0.041385416666666654 0.19952777777777778
3 0.08378125 0.5341481481481481 0.11633333333333334 0.1989814814814815
1 0.294140625 0.49307407407407405 0.03828125 0.19996296296296295
1 0.31135416666666665 0.4643425925925926 0.028958333333333346 0.13057407407407406
1 0.36252343750000005 0.4789351851851852 0.04484895833333334 0.18194444444444444
1 0.3945859375 0.49652314814814813 0.0412447916666667 0.12269444444444444
1 0.4386041666666667 0.46964351851851854 0.023624999999999948 0.16108333333333336
1 0.5021354166666666 0.5141805555555556 0.03614583333333332 0.1813240740740741
3 0.542203125 0.5347777777777777 0.06830208333333326 0.16003703703703706
1 0.5404973958333332 0.5111111111111111 0.05660937499999997 0.1527777777777778