1 0.548390625 0.4874907407407407 0.046968749999999976 0.24742592592592594
1 0.7080364583333334 0.39962962962962967 0.010625000000000048 0.043555555555555577
1 0.7433098958333333 0.40264351851851854 0.00944270833333339 0.04800925925925923
1 0.7509817708333333 0.40172685185185186 0.008557291666666581 0.043027777777777804
1 0.7571093750000001 0.4010694444444444 0.007822916666666657 0.04591666666666664
1 0.8028489583333334 0.4028333333333333 0.009927083333333305 0.05970370370370372
3 0.30427343749999997 0.7877361111111111 0.14176562499999998 0.27860185185185193
1 0.3473645833333333 0.6497407407407407 0.17797916666666666 0.37922222222222224
1 0.3735 0.4735648148148149 0.052083333333333336 0.26759259259259266
3 0.44607031249999995 0.727175925925926 0.10890104166666668 0.2623148148148148
1 0.44821875 0.6146527777777778 0.1078125 0.35328703703703707
1 0.458265625 0.39941203703703704 0.012947916666666615 0.07154629629629627
1 0.47179687499999995 0.3974537037037037 0.015156250000000012 0.06342592592592593