0 0.7631744791666667 0.8120555555555555 0.342296875 0.37311111111111117
1 0.6859375 0.5328703703703703 0.04375 0.25092592592592594
1 0.7151041666666667 0.5650462962962963 0.05520833333333333 0.3263888888888889
1 0.13264322916666668 0.5025833333333333 0.06773437499999999 0.26779629629629625
1 0.18949739583333336 0.4356388888888889 0.021213541666666648 0.10057407407407402
1 0.22666666666666668 0.4247916666666666 0.014687499999999994 0.06652777777777774
1 0.24491666666666667 0.4288194444444444 0.011624999999999996 0.06662037037037041
1 0.27107291666666666 0.4339212962962963 0.012541666666666658 0.05089814814814817
1 0.3307291666666667 0.4778703703703704 0.019791666666666666 0.10388888888888893
1 0.34880208333333335 0.481412037037037 0.019479166666666655 0.09884259259259254
1 0.3583151041666667 0.43514351851851857 0.011473958333333319 0.06384259259259258
1 0.39609375 0.4463796296296297 0.017812500000000023 0.09351851851851857
1 0.42033072916666664 0.4601064814814814 0.027463541666666678 0.14737962962962964
1 0.4451588541666666 0.4668888888888889 0.020932291666666637 0.12974074074074068
1 0.47348697916666665 0.45278703703703704 0.016984375000000006 0.10331481481481475
0 0.6035911458333333 0.7288703703703703 0.27313020833333324 0.33425925925925926
1 0.48794791666666665 0.47194907407407405 0.02254166666666665 0.12795370370370365
1 0.5259114583333333 0.4743981481481482 0.019010416666666665 0.14324074074074078