1 0.5300989583333333 0.3145046296296296 0.011239583333333296 0.0639537037037037
1 0.5437604166666666 0.3049722222222222 0.011239583333333296 0.05964814814814811
1 0.5567109375 0.32096296296296295 0.011817708333333362 0.06661111111111111
1 0.5875 0.4030555555555555 0.020833333333333332 0.13537037037037036
1 0.6189479166666667 0.4147314814814815 0.026979166666666644 0.14942592592592593
1 0.6145677083333333 0.32363888888888886 0.016395833333333342 0.06788888888888889
1 0.623828125 0.38581944444444444 0.03401041666666676 0.17225
1 0.7501510416666667 0.3208101851851852 0.01224999999999999 0.0514907407407407
1 0.7777187499999999 0.32858796296296294 0.016541666666666663 0.05689814814814819
1 0.85215625 0.321712962962963 0.00922916666666668 0.05268518518518516
1 0.24797916666666667 0.3793009259259259 0.030916666666666672 0.17843518518518517
2 0.2813515625 0.40750000000000003 0.058317708333333315 0.11696296296296296
1 0.33067447916666665 0.3789768518518518 0.04375520833333333 0.20315740740740743
1 0.3841145833333333 0.42971296296296296 0.043437500000000046 0.18649999999999997
1 0.40073437500000003 0.31681481481481477 0.012281250000000021 0.0753333333333333
1 0.4245390625 0.39273148148148146 0.03977604166666667 0.20583333333333328
1 0.4433671875 0.3217777777777778 0.012453125000000042 0.08077777777777778
1 0.4509479166666666 0.33175925925925925 0.015083333333333292 0.0764814814814815
1 0.46561458333333333 0.32795833333333335 0.01179166666666666 0.0694537037037037
1 0.49209114583333335 0.3203935185185185 0.015088541666666622 0.0771759259259259
1 0.5122291666666666 0.3327037037037037 0.01335416666666666 0.07774074074074078