1 0.5438020833333332 0.35956944444444444 0.008229166666666643 0.06678703703703703
1 0.03252083333333333 0.40347222222222223 0.0463125 0.18101851851851852
1 0.13732291666666666 0.3721944444444445 0.017020833333333336 0.10005555555555556
1 0.20525520833333336 0.6341111111111111 0.11657291666666666 0.6382592592592592
3 0.2406875 0.726712962962963 0.14122916666666668 0.2775
3 0.3871145833333333 0.6937083333333333 0.13368750000000004 0.3048055555555555
1 0.39117447916666664 0.5856666666666667 0.12056770833333334 0.3444074074074074
1 0.3381223958333333 0.36707407407407405 0.01427604166666665 0.06714814814814814
1 0.35083333333333333 0.3678703703703704 0.013125000000000024 0.06444444444444447
1 0.4129453125 0.355837962962963 0.009213541666666695 0.044435185185185196
1 0.4236901041666667 0.359337962962963 0.011994791666666652 0.055398148148148134
1 0.0929765625 0.5292268518518519 0.09633854166666667 0.46025000000000005
1 0.47831510416666667 0.3580231481481481 0.007119791666666705 0.04006481481481485
1 0.48559374999999994 0.357462962962963 0.006312500000000002 0.03803703703703708
1 0.4935572916666667 0.3636342592592593 0.008510416666666624 0.06995370370370371
1 0.5243307291666667 0.35701388888888885 0.007588541666666693 0.04337962962962965